T(Seconds)	E(V)	I(A/cm2)	Temp(C)
1.80100000000E+03	-2.908240E+00	-2.999060E+00	3.103750E+01
1.80200000000E+03	-3.016394E+00	-3.001782E+00	3.103750E+01
1.80300000000E+03	-2.993359E+00	-2.998523E+00	3.103750E+01
1.80400000000E+03	-3.051135E+00	-2.931726E+00	3.097500E+01
1.80500000000E+03	-2.994592E+00	-2.909290E+00	3.103750E+01
1.80600000000E+03	-2.963635E+00	-3.034631E+00	3.097500E+01
1.80700000000E+03	-2.941064E+00	-3.130945E+00	3.110000E+01
1.80800000000E+03	-3.036511E+00	-3.000964E+00	3.103750E+01
1.80900000000E+03	-2.957422E+00	-3.001428E+00	3.103750E+01
1.81000000000E+03	-2.870325E+00	-3.001074E+00	3.103750E+01
1.81100000000E+03	-2.904053E+00	-3.000989E+00	3.097500E+01
1.81200000000E+03	-2.856958E+00	-3.000854E+00	3.110000E+01
1.81300000000E+03	-2.959167E+00	-3.000830E+00	3.122500E+01
1.81400000000E+03	-2.967065E+00	-3.001160E+00	3.110000E+01
1.81500000000E+03	-2.985657E+00	-3.001038E+00	3.103750E+01
1.81600000000E+03	-2.957227E+00	-3.001038E+00	3.110000E+01
1.81700000000E+03	-3.009338E+00	-2.997656E+00	3.116250E+01
1.81800000000E+03	-3.001880E+00	-3.004431E+00	3.116250E+01
1.81900000000E+03	-2.967615E+00	-3.001038E+00	3.116250E+01
1.82000000000E+03	-2.963660E+00	-2.984326E+00	3.116250E+01
1.82100000000E+03	-2.978345E+00	-3.013123E+00	3.122500E+01
1.82200000000E+03	-2.952844E+00	-3.005554E+00	3.128750E+01
1.82300000000E+03	-2.922253E+00	-3.000781E+00	3.116250E+01
1.82400000000E+03	-2.928198E+00	-2.997632E+00	3.116250E+01
1.82500000000E+03	-3.032532E+00	-3.004639E+00	3.122500E+01
1.82600000000E+03	-2.968298E+00	-3.000903E+00	3.116250E+01
1.82700000000E+03	-3.049487E+00	-3.001025E+00	3.116250E+01
1.82800000000E+03	-2.993982E+00	-3.001074E+00	3.122500E+01
1.82900000000E+03	-2.973218E+00	-3.000964E+00	3.122500E+01
1.83000000000E+03	-3.025366E+00	-2.981189E+00	3.128750E+01
1.83100000000E+03	-2.930359E+00	-3.020874E+00	3.135000E+01
1.83200000000E+03	-2.957935E+00	-3.000903E+00	3.135000E+01
1.83300000000E+03	-3.015893E+00	-3.000854E+00	3.128750E+01
1.83400000000E+03	-3.028821E+00	-2.907593E+00	3.122500E+01
1.83500000000E+03	-2.976306E+00	-2.955017E+00	3.128750E+01
1.83600000000E+03	-3.044019E+00	-2.936401E+00	3.128750E+01
1.83700000000E+03	-3.013587E+00	-3.054199E+00	3.135000E+01
1.83800000000E+03	-2.991406E+00	-3.146008E+00	3.141250E+01
1.83900000000E+03	-2.895728E+00	-3.007275E+00	3.122500E+01
1.84000000000E+03	-2.945960E+00	-3.001050E+00	3.147500E+01
1.84100000000E+03	-2.922009E+00	-3.000989E+00	3.153750E+01
1.84200000000E+03	-2.877063E+00	-3.000903E+00	3.141250E+01
1.84300000000E+03	-2.939966E+00	-3.001209E+00	3.141250E+01
1.84400000000E+03	-2.955334E+00	-3.000781E+00	3.160000E+01
1.84500000000E+03	-2.982251E+00	-3.000830E+00	3.153750E+01
1.84600000000E+03	-2.951843E+00	-3.001160E+00	3.153750E+01
1.84700000000E+03	-2.957813E+00	-3.001050E+00	3.153750E+01
1.84800000000E+03	-2.999780E+00	-3.001184E+00	3.147500E+01
1.84900000000E+03	-2.961108E+00	-3.000720E+00	3.147500E+01
1.85000000000E+03	-2.915027E+00	-3.001318E+00	3.160000E+01
1.85100000000E+03	-2.919507E+00	-3.001001E+00	3.160000E+01
1.85200000000E+03	-2.878784E+00	-3.000024E+00	3.153750E+01
1.85300000000E+03	-2.743005E+00	-3.002222E+00	3.166250E+01
1.85400000000E+03	-2.807764E+00	-3.001013E+00	3.166250E+01
1.85500000000E+03	-2.968054E+00	-3.000464E+00	3.147500E+01
1.85600000000E+03	-2.963184E+00	-3.000977E+00	3.153750E+01
1.85700000000E+03	-2.975842E+00	-3.001306E+00	3.178750E+01
1.85800000000E+03	-2.884009E+00	-3.001160E+00	3.153750E+01
1.85900000000E+03	-2.887537E+00	-3.000647E+00	3.172500E+01
1.86000000000E+03	-2.956506E+00	-3.001123E+00	3.153750E+01
1.86100000000E+03	-2.969727E+00	-2.981543E+00	3.166250E+01
1.86200000000E+03	-3.011145E+00	-2.980689E+00	3.166250E+01
1.86300000000E+03	-2.884485E+00	-3.041431E+00	3.166250E+01
1.86400000000E+03	-2.823572E+00	-3.000818E+00	3.166250E+01
1.86500000000E+03	-2.870007E+00	-3.000879E+00	3.166250E+01
1.86600000000E+03	-2.942786E+00	-3.001013E+00	3.166250E+01
1.86700000000E+03	-2.993176E+00	-3.000964E+00	3.178750E+01
1.86800000000E+03	-2.947070E+00	-3.000818E+00	3.172500E+01
1.86900000000E+03	-2.901685E+00	-3.000806E+00	3.172500E+01
1.87000000000E+03	-3.014856E+00	-2.986706E+00	3.178750E+01
1.87100000000E+03	-2.952173E+00	-3.015723E+00	3.185000E+01
1.87200000000E+03	-2.916541E+00	-3.000842E+00	3.166250E+01
1.87300000000E+03	-2.868335E+00	-3.001025E+00	3.178750E+01
1.87400000000E+03	-2.930151E+00	-3.001001E+00	3.178750E+01
1.87500000000E+03	-2.944690E+00	-3.000903E+00	3.185000E+01
1.87600000000E+03	-2.902612E+00	-3.001074E+00	3.197500E+01
1.87700000000E+03	-3.020654E+00	-3.000891E+00	3.185000E+01
1.87800000000E+03	-3.028613E+00	-2.991907E+00	3.185000E+01
1.87900000000E+03	-2.943652E+00	-3.010059E+00	3.191250E+01
1.88000000000E+03	-3.058984E+00	-2.994958E+00	3.185000E+01
1.88100000000E+03	-3.008996E+00	-3.007202E+00	3.185000E+01
1.88200000000E+03	-2.945483E+00	-2.998291E+00	3.178750E+01
1.88300000000E+03	-2.987488E+00	-2.956043E+00	3.178750E+01
1.88400000000E+03	-2.981250E+00	-3.047998E+00	3.197500E+01
1.88500000000E+03	-2.930884E+00	-3.001868E+00	3.185000E+01
1.88600000000E+03	-2.965125E+00	-2.992041E+00	3.172500E+01
1.88700000000E+03	-2.923279E+00	-3.010254E+00	3.197500E+01
1.88800000000E+03	-2.901807E+00	-3.000732E+00	3.178750E+01
1.88900000000E+03	-2.889319E+00	-3.001074E+00	3.197500E+01
1.89000000000E+03	-2.847400E+00	-3.000903E+00	3.185000E+01
1.89100000000E+03	-2.881335E+00	-3.000818E+00	3.191250E+01
1.89200000000E+03	-2.922241E+00	-2.996216E+00	3.191250E+01
1.89300000000E+03	-2.879285E+00	-2.993347E+00	3.191250E+01
1.89400000000E+03	-3.003296E+00	-3.012842E+00	3.185000E+01
1.89500000000E+03	-3.018347E+00	-3.001929E+00	3.185000E+01
1.89600000000E+03	-3.029809E+00	-3.001392E+00	3.185000E+01
1.89700000000E+03	-2.892212E+00	-3.000806E+00	3.210000E+01
1.89800000000E+03	-2.992932E+00	-3.000989E+00	3.178750E+01
1.89900000000E+03	-2.938757E+00	-3.001038E+00	3.191250E+01
1.90000000000E+03	-2.886047E+00	-3.000696E+00	3.172500E+01
1.90100000000E+03	-2.952100E+00	-3.000977E+00	3.185000E+01
1.90200000000E+03	-2.987244E+00	-3.000977E+00	3.197500E+01
1.90300000000E+03	-2.970788E+00	-2.994690E+00	3.203750E+01
1.90400000000E+03	-2.813123E+00	-3.007678E+00	3.197500E+01
1.90500000000E+03	-2.922607E+00	-3.000940E+00	3.185000E+01
1.90600000000E+03	-2.843054E+00	-3.000818E+00	3.197500E+01
1.90700000000E+03	-2.903906E+00	-3.000854E+00	3.191250E+01
1.90800000000E+03	-2.980701E+00	-2.969055E+00	3.191250E+01
1.90900000000E+03	-2.971008E+00	-2.983752E+00	3.185000E+01
1.91000000000E+03	-2.990527E+00	-3.050757E+00	3.197500E+01
1.91100000000E+03	-2.903064E+00	-3.001123E+00	3.191250E+01
1.91200000000E+03	-2.910767E+00	-3.000989E+00	3.197500E+01
1.91300000000E+03	-2.889673E+00	-3.000708E+00	3.203750E+01
1.91400000000E+03	-3.029138E+00	-3.000842E+00	3.185000E+01
1.91500000000E+03	-2.911999E+00	-3.001392E+00	3.185000E+01
1.91600000000E+03	-2.899146E+00	-3.000684E+00	3.185000E+01
1.91700000000E+03	-2.917700E+00	-3.001111E+00	3.197500E+01
1.91800000000E+03	-2.970874E+00	-3.000879E+00	3.191250E+01
1.91900000000E+03	-2.963660E+00	-2.983838E+00	3.191250E+01
1.92000000000E+03	-3.001294E+00	-3.018579E+00	3.191250E+01
1.92100000000E+03	-2.971863E+00	-3.000696E+00	3.185000E+01
1.92200000000E+03	-3.052234E+00	-3.000256E+00	3.203750E+01
1.92300000000E+03	-3.084595E+00	-3.000305E+00	3.210000E+01
1.92400000000E+03	-3.035278E+00	-3.002038E+00	3.191250E+01
1.92500000000E+03	-3.018469E+00	-3.001831E+00	3.210000E+01
1.92600000000E+03	-2.974963E+00	-3.000769E+00	3.191250E+01
1.92700000000E+03	-2.979822E+00	-3.001477E+00	3.197500E+01
1.92800000000E+03	-2.874439E+00	-3.000879E+00	3.210000E+01
1.92900000000E+03	-2.911829E+00	-3.000769E+00	3.203750E+01
1.93000000000E+03	-2.917456E+00	-3.000964E+00	3.197500E+01
1.93100000000E+03	-2.908630E+00	-3.000891E+00	3.191250E+01
1.93200000000E+03	-2.884888E+00	-3.001013E+00	3.191250E+01
1.93300000000E+03	-2.947571E+00	-3.000207E+00	3.197500E+01
1.93400000000E+03	-2.981506E+00	-3.001587E+00	3.210000E+01
1.93500000000E+03	-2.969812E+00	-2.991626E+00	3.191250E+01
1.93600000000E+03	-3.014807E+00	-3.009827E+00	3.197500E+01
1.93700000000E+03	-2.976123E+00	-2.965955E+00	3.216250E+01
1.93800000000E+03	-3.068372E+00	-3.016699E+00	3.197500E+01
1.93900000000E+03	-2.978430E+00	-3.021350E+00	3.203750E+01
1.94000000000E+03	-2.982715E+00	-3.001074E+00	3.197500E+01
1.94100000000E+03	-2.920508E+00	-3.000842E+00	3.203750E+01
1.94200000000E+03	-2.960999E+00	-3.000818E+00	3.203750E+01
1.94300000000E+03	-2.980567E+00	-3.000879E+00	3.210000E+01
1.94400000000E+03	-3.031641E+00	-2.986328E+00	3.197500E+01
1.94500000000E+03	-3.022693E+00	-3.015930E+00	3.203750E+01
1.94600000000E+03	-3.031201E+00	-3.001099E+00	3.203750E+01
1.94700000000E+03	-3.009924E+00	-3.000439E+00	3.210000E+01
1.94800000000E+03	-2.991943E+00	-2.986926E+00	3.203750E+01
1.94900000000E+03	-2.959375E+00	-2.984107E+00	3.203750E+01
1.95000000000E+03	-2.975110E+00	-3.012622E+00	3.216250E+01
1.95100000000E+03	-2.933386E+00	-3.021338E+00	3.191250E+01
1.95200000000E+03	-2.961646E+00	-3.000684E+00	3.210000E+01
1.95300000000E+03	-2.973853E+00	-3.000830E+00	3.222500E+01
1.95400000000E+03	-2.968518E+00	-3.000854E+00	3.210000E+01
1.95500000000E+03	-3.030261E+00	-3.000867E+00	3.210000E+01
1.95600000000E+03	-2.975549E+00	-3.000708E+00	3.216250E+01
1.95700000000E+03	-2.987024E+00	-2.989063E+00	3.216250E+01
1.95800000000E+03	-3.025195E+00	-2.958496E+00	3.203750E+01
1.95900000000E+03	-3.071057E+00	-2.919971E+00	3.210000E+01
1.96000000000E+03	-3.041260E+00	-2.970984E+00	3.203750E+01
1.96100000000E+03	-2.999353E+00	-3.016406E+00	3.210000E+01
1.96200000000E+03	-2.968237E+00	-3.151428E+00	3.210000E+01
1.96300000000E+03	-2.876636E+00	-3.001587E+00	3.216250E+01
1.96400000000E+03	-2.999841E+00	-3.000977E+00	3.203750E+01
1.96500000000E+03	-2.961365E+00	-2.968896E+00	3.203750E+01
1.96600000000E+03	-2.928931E+00	-2.950330E+00	3.210000E+01
1.96700000000E+03	-2.968237E+00	-3.084058E+00	3.210000E+01
1.96800000000E+03	-2.981409E+00	-3.001099E+00	3.203750E+01
1.96900000000E+03	-2.951916E+00	-3.000586E+00	3.216250E+01
1.97000000000E+03	-2.934350E+00	-3.001721E+00	3.216250E+01
1.97100000000E+03	-2.940698E+00	-2.997424E+00	3.210000E+01
1.97200000000E+03	-3.062610E+00	-3.004089E+00	3.203750E+01
1.97300000000E+03	-3.029565E+00	-2.877026E+00	3.203750E+01
1.97400000000E+03	-3.072705E+00	-3.120740E+00	3.222500E+01
1.97500000000E+03	-2.970740E+00	-3.005701E+00	3.216250E+01
1.97600000000E+03	-2.974121E+00	-3.001184E+00	3.210000E+01
1.97700000000E+03	-3.015173E+00	-3.000964E+00	3.210000E+01
1.97800000000E+03	-3.041858E+00	-3.001196E+00	3.216250E+01
1.97900000000E+03	-2.991601E+00	-3.001086E+00	3.210000E+01
1.98000000000E+03	-2.980957E+00	-3.000696E+00	3.216250E+01
1.98100000000E+03	-3.037256E+00	-3.000549E+00	3.210000E+01
1.98200000000E+03	-3.090820E+00	-2.949658E+00	3.210000E+01
1.98300000000E+03	-3.024463E+00	-3.052930E+00	3.222500E+01
1.98400000000E+03	-3.120496E+00	-3.000561E+00	3.210000E+01
1.98500000000E+03	-3.066003E+00	-3.000476E+00	3.216250E+01
1.98600000000E+03	-3.085547E+00	-2.972522E+00	3.222500E+01
1.98700000000E+03	-3.082019E+00	-2.840674E+00	3.210000E+01
1.98800000000E+03	-3.009216E+00	-3.033142E+00	3.216250E+01
1.98900000000E+03	-2.952234E+00	-3.095142E+00	3.210000E+01
1.99000000000E+03	-2.898132E+00	-3.064990E+00	3.216250E+01
1.99100000000E+03	-2.893506E+00	-3.001148E+00	3.197500E+01
1.99200000000E+03	-2.913098E+00	-3.001013E+00	3.222500E+01
1.99300000000E+03	-2.940466E+00	-3.000891E+00	3.203750E+01
1.99400000000E+03	-2.946033E+00	-3.001086E+00	3.210000E+01
1.99500000000E+03	-2.957068E+00	-3.000818E+00	3.228750E+01
1.99600000000E+03	-3.023315E+00	-2.983655E+00	3.216250E+01
1.99700000000E+03	-3.021301E+00	-2.898669E+00	3.210000E+01
1.99800000000E+03	-3.025757E+00	-2.903406E+00	3.222500E+01
1.99900000000E+03	-3.002490E+00	-3.015027E+00	3.216250E+01
2.00000000000E+03	-3.067993E+00	-3.055884E+00	3.210000E+01
2.00100000000E+03	-3.141687E+00	-3.055383E+00	3.210000E+01
2.00200000000E+03	-3.015222E+00	-2.948511E+00	3.222500E+01
2.00300000000E+03	-2.947888E+00	-3.024695E+00	3.216250E+01
2.00400000000E+03	-2.918945E+00	-2.989221E+00	3.216250E+01
2.00500000000E+03	-2.878821E+00	-2.996899E+00	3.222500E+01
2.00600000000E+03	-2.923706E+00	-3.007764E+00	3.210000E+01
2.00700000000E+03	-2.990710E+00	-2.910693E+00	3.203750E+01
2.00800000000E+03	-2.902466E+00	-3.044031E+00	3.216250E+01
2.00900000000E+03	-2.907068E+00	-3.180847E+00	3.210000E+01
2.01000000000E+03	-2.818604E+00	-3.001746E+00	3.210000E+01
2.01100000000E+03	-2.814673E+00	-3.001245E+00	3.216250E+01
2.01200000000E+03	-2.879968E+00	-3.000842E+00	3.216250E+01
2.01300000000E+03	-2.897327E+00	-3.001050E+00	3.216250E+01
2.01400000000E+03	-2.892346E+00	-3.001074E+00	3.228750E+01
2.01500000000E+03	-2.885657E+00	-3.001306E+00	3.216250E+01
2.01600000000E+03	-2.839697E+00	-3.000732E+00	3.210000E+01
2.01700000000E+03	-2.963025E+00	-3.001148E+00	3.228750E+01
2.01800000000E+03	-2.945068E+00	-3.001086E+00	3.228750E+01
2.01900000000E+03	-3.008057E+00	-2.999683E+00	3.228750E+01
2.02000000000E+03	-2.929810E+00	-3.001782E+00	3.222500E+01
2.02100000000E+03	-2.832104E+00	-3.002038E+00	3.203750E+01
2.02200000000E+03	-2.779382E+00	-3.000879E+00	3.216250E+01
2.02300000000E+03	-2.901562E+00	-3.000964E+00	3.228750E+01
2.02400000000E+03	-2.907507E+00	-3.001099E+00	3.216250E+01
2.02500000000E+03	-2.896790E+00	-3.001294E+00	3.210000E+01
2.02600000000E+03	-2.845532E+00	-3.000598E+00	3.228750E+01
2.02700000000E+03	-2.938086E+00	-2.996631E+00	3.228750E+01
2.02800000000E+03	-2.953137E+00	-3.005359E+00	3.228750E+01
2.02900000000E+03	-2.981372E+00	-3.000696E+00	3.222500E+01
2.03000000000E+03	-2.999231E+00	-2.975122E+00	3.203750E+01
2.03100000000E+03	-3.014258E+00	-2.982873E+00	3.222500E+01
2.03200000000E+03	-3.033484E+00	-3.042700E+00	3.222500E+01
2.03300000000E+03	-3.014026E+00	-2.976892E+00	3.235000E+01
2.03400000000E+03	-3.004736E+00	-2.933997E+00	3.228750E+01
2.03500000000E+03	-2.953967E+00	-2.953491E+00	3.228750E+01
2.03600000000E+03	-2.937732E+00	-3.142249E+00	3.228750E+01
2.03700000000E+03	-2.921570E+00	-3.001953E+00	3.235000E+01
2.03800000000E+03	-2.912695E+00	-3.000806E+00	3.222500E+01
2.03900000000E+03	-2.930274E+00	-3.001111E+00	3.228750E+01
2.04000000000E+03	-2.846094E+00	-3.000903E+00	3.228750E+01
2.04100000000E+03	-2.902161E+00	-3.000916E+00	3.216250E+01
2.04200000000E+03	-2.914294E+00	-2.988220E+00	3.228750E+01
2.04300000000E+03	-2.946387E+00	-3.013135E+00	3.222500E+01
2.04400000000E+03	-2.889954E+00	-3.002161E+00	3.222500E+01
2.04500000000E+03	-2.943579E+00	-3.000916E+00	3.222500E+01
2.04600000000E+03	-2.937085E+00	-3.000854E+00	3.241250E+01
2.04700000000E+03	-2.939270E+00	-3.001013E+00	3.228750E+01
2.04800000000E+03	-2.984704E+00	-2.979883E+00	3.228750E+01
2.04900000000E+03	-2.963330E+00	-2.964490E+00	3.247500E+01
2.05000000000E+03	-2.903186E+00	-2.999695E+00	3.216250E+01
2.05100000000E+03	-2.974426E+00	-3.060156E+00	3.235000E+01
2.05200000000E+03	-2.922168E+00	-3.000989E+00	3.241250E+01
2.05300000000E+03	-2.998462E+00	-3.001294E+00	3.228750E+01
2.05400000000E+03	-2.964075E+00	-2.999671E+00	3.228750E+01
2.05500000000E+03	-2.967847E+00	-3.002148E+00	3.228750E+01
2.05600000000E+03	-2.998376E+00	-2.990979E+00	3.222500E+01
2.05700000000E+03	-2.974792E+00	-3.007581E+00	3.235000E+01
2.05800000000E+03	-3.017749E+00	-2.915552E+00	3.228750E+01
2.05900000000E+03	-2.990466E+00	-3.056458E+00	3.228750E+01
2.06000000000E+03	-2.984070E+00	-3.000891E+00	3.228750E+01
2.06100000000E+03	-2.976001E+00	-2.922998E+00	3.241250E+01
2.06200000000E+03	-2.984546E+00	-2.908813E+00	3.241250E+01
2.06300000000E+03	-2.979858E+00	-3.137866E+00	3.235000E+01
2.06400000000E+03	-2.867468E+00	-3.068237E+00	3.241250E+01
2.06500000000E+03	-2.791699E+00	-3.001343E+00	3.241250E+01
2.06600000000E+03	-2.889673E+00	-3.000635E+00	3.241250E+01
2.06700000000E+03	-2.973206E+00	-3.000769E+00	3.241250E+01
2.06800000000E+03	-3.008740E+00	-3.001013E+00	3.235000E+01
2.06900000000E+03	-2.933374E+00	-3.001416E+00	3.247500E+01
2.07000000000E+03	-2.921387E+00	-3.000647E+00	3.247500E+01
2.07100000000E+03	-2.838147E+00	-3.000916E+00	3.228750E+01
2.07200000000E+03	-2.900855E+00	-2.989563E+00	3.228750E+01
2.07300000000E+03	-2.849036E+00	-3.012927E+00	3.247500E+01
2.07400000000E+03	-2.798010E+00	-3.000989E+00	3.247500E+01
2.07500000000E+03	-2.907678E+00	-3.000623E+00	3.235000E+01
2.07600000000E+03	-2.893689E+00	-3.001172E+00	3.241250E+01
2.07700000000E+03	-2.840186E+00	-3.001221E+00	3.241250E+01
2.07800000000E+03	-2.868042E+00	-3.001001E+00	3.228750E+01
2.07900000000E+03	-2.958472E+00	-3.000561E+00	3.247500E+01
2.08000000000E+03	-2.980628E+00	-3.001245E+00	3.253750E+01
2.08100000000E+03	-2.931103E+00	-3.001074E+00	3.235000E+01
2.08200000000E+03	-2.943066E+00	-3.001050E+00	3.247500E+01
2.08300000000E+03	-2.971948E+00	-3.000195E+00	3.241250E+01
2.08400000000E+03	-2.958008E+00	-3.001599E+00	3.241250E+01
2.08500000000E+03	-3.049634E+00	-2.999695E+00	3.235000E+01
2.08600000000E+03	-3.099658E+00	-3.002222E+00	3.247500E+01
2.08700000000E+03	-3.002197E+00	-2.998120E+00	3.247500E+01
2.08800000000E+03	-3.091724E+00	-2.979907E+00	3.247500E+01
2.08900000000E+03	-3.004810E+00	-2.998267E+00	3.241250E+01
2.09000000000E+03	-3.033411E+00	-2.993298E+00	3.247500E+01
2.09100000000E+03	-2.954370E+00	-2.998364E+00	3.241250E+01
2.09200000000E+03	-2.953369E+00	-3.015576E+00	3.241250E+01
2.09300000000E+03	-2.969153E+00	-2.988477E+00	3.247500E+01
2.09400000000E+03	-2.940454E+00	-3.036096E+00	3.253750E+01
2.09500000000E+03	-3.015393E+00	-3.000037E+00	3.247500E+01
2.09600000000E+03	-2.875452E+00	-3.002832E+00	3.247500E+01
2.09700000000E+03	-2.895508E+00	-2.996082E+00	3.247500E+01
2.09800000000E+03	-2.981091E+00	-3.005835E+00	3.241250E+01
2.09900000000E+03	-3.018628E+00	-3.001196E+00	3.247500E+01
2.10000000000E+03	-3.004199E+00	-3.000830E+00	3.260000E+01
2.10100000000E+03	-3.012451E+00	-2.974951E+00	3.260000E+01
2.10200000000E+03	-2.984985E+00	-3.027234E+00	3.253750E+01
2.10300000000E+03	-2.957410E+00	-3.001062E+00	3.247500E+01
2.10400000000E+03	-3.011340E+00	-3.000977E+00	3.260000E+01
2.10500000000E+03	-3.024670E+00	-3.000891E+00	3.253750E+01
2.10600000000E+03	-3.003455E+00	-3.001013E+00	3.253750E+01
2.10700000000E+03	-3.031811E+00	-3.000793E+00	3.266250E+01
2.10800000000E+03	-3.067200E+00	-2.980701E+00	3.253750E+01
2.10900000000E+03	-2.958496E+00	-3.013892E+00	3.260000E+01
2.11000000000E+03	-3.046045E+00	-2.957422E+00	3.266250E+01
2.11100000000E+03	-3.023511E+00	-3.025745E+00	3.260000E+01
2.11200000000E+03	-3.001648E+00	-2.972095E+00	3.247500E+01
2.11300000000E+03	-2.997095E+00	-3.056946E+00	3.253750E+01
2.11400000000E+03	-2.860901E+00	-3.001013E+00	3.260000E+01
2.11500000000E+03	-2.908350E+00	-3.001221E+00	3.247500E+01
2.11600000000E+03	-2.832593E+00	-3.000793E+00	3.253750E+01
2.11700000000E+03	-2.944592E+00	-3.000891E+00	3.253750E+01
2.11800000000E+03	-3.004797E+00	-3.001001E+00	3.253750E+01
2.11900000000E+03	-2.996936E+00	-3.001099E+00	3.247500E+01
2.12000000000E+03	-2.968262E+00	-3.000793E+00	3.260000E+01
2.12100000000E+03	-2.945642E+00	-2.995251E+00	3.253750E+01
2.12200000000E+03	-2.996716E+00	-2.993579E+00	3.247500E+01
2.12300000000E+03	-3.034338E+00	-2.983179E+00	3.241250E+01
2.12400000000E+03	-2.955603E+00	-3.032398E+00	3.241250E+01
2.12500000000E+03	-2.986865E+00	-2.997363E+00	3.247500E+01
2.12600000000E+03	-2.997693E+00	-3.004358E+00	3.253750E+01
2.12700000000E+03	-2.900610E+00	-3.001416E+00	3.247500E+01
2.12800000000E+03	-2.883057E+00	-3.001318E+00	3.241250E+01
2.12900000000E+03	-2.869983E+00	-3.001038E+00	3.247500E+01
2.13000000000E+03	-2.913452E+00	-3.000830E+00	3.241250E+01
2.13100000000E+03	-2.909961E+00	-3.000879E+00	3.241250E+01
2.13200000000E+03	-2.988635E+00	-2.999243E+00	3.247500E+01
2.13300000000E+03	-2.999597E+00	-3.002734E+00	3.241250E+01
2.13400000000E+03	-2.968201E+00	-2.991821E+00	3.247500E+01
2.13500000000E+03	-3.039075E+00	-3.001953E+00	3.260000E+01
2.13600000000E+03	-2.930969E+00	-3.009656E+00	3.241250E+01
2.13700000000E+03	-2.982385E+00	-3.000891E+00	3.253750E+01
2.13800000000E+03	-2.994116E+00	-2.995349E+00	3.241250E+01
2.13900000000E+03	-3.024146E+00	-3.006775E+00	3.247500E+01
2.14000000000E+03	-3.003394E+00	-3.000940E+00	3.247500E+01
2.14100000000E+03	-2.939124E+00	-3.001233E+00	3.253750E+01
2.14200000000E+03	-3.006152E+00	-3.001050E+00	3.247500E+01
2.14300000000E+03	-2.968982E+00	-3.000781E+00	3.260000E+01
2.14400000000E+03	-2.973950E+00	-3.001111E+00	3.241250E+01
2.14500000000E+03	-3.024927E+00	-3.001062E+00	3.266250E+01
2.14600000000E+03	-2.988159E+00	-2.996472E+00	3.253750E+01
2.14700000000E+03	-3.078882E+00	-2.983191E+00	3.253750E+01
2.14800000000E+03	-3.058692E+00	-3.023499E+00	3.241250E+01
2.14900000000E+03	-3.023450E+00	-3.000952E+00	3.253750E+01
2.15000000000E+03	-2.965735E+00	-3.001245E+00	3.247500E+01
2.15100000000E+03	-2.905982E+00	-3.000659E+00	3.253750E+01
2.15200000000E+03	-2.897559E+00	-2.995947E+00	3.247500E+01
2.15300000000E+03	-2.874109E+00	-3.006433E+00	3.278750E+01
2.15400000000E+03	-2.926086E+00	-3.000854E+00	3.253750E+01
2.15500000000E+03	-2.926953E+00	-3.000439E+00	3.266250E+01
2.15600000000E+03	-3.026013E+00	-3.001428E+00	3.253750E+01
2.15700000000E+03	-3.008496E+00	-2.998084E+00	3.260000E+01
2.15800000000E+03	-3.025964E+00	-2.984949E+00	3.260000E+01
2.15900000000E+03	-3.002979E+00	-2.926099E+00	3.253750E+01
2.16000000000E+03	-3.027063E+00	-3.013306E+00	3.253750E+01
2.16100000000E+03	-3.006873E+00	-3.063550E+00	3.247500E+01
2.16200000000E+03	-2.971094E+00	-3.020239E+00	3.266250E+01
2.16300000000E+03	-3.014416E+00	-3.001086E+00	3.247500E+01
2.16400000000E+03	-2.962561E+00	-3.001245E+00	3.253750E+01
2.16500000000E+03	-2.951587E+00	-3.000842E+00	3.260000E+01
2.16600000000E+03	-2.995117E+00	-3.000867E+00	3.266250E+01
2.16700000000E+03	-2.977734E+00	-3.001221E+00	3.266250E+01
2.16800000000E+03	-2.961804E+00	-3.000806E+00	3.266250E+01
2.16900000000E+03	-2.908826E+00	-3.001074E+00	3.247500E+01
2.17000000000E+03	-2.986487E+00	-2.983777E+00	3.260000E+01
2.17100000000E+03	-3.000037E+00	-3.018250E+00	3.247500E+01
2.17200000000E+03	-3.013782E+00	-2.971985E+00	3.253750E+01
2.17300000000E+03	-2.962195E+00	-2.945862E+00	3.260000E+01
2.17400000000E+03	-3.021594E+00	-2.819861E+00	3.272500E+01
2.17500000000E+03	-3.050867E+00	-2.910229E+00	3.247500E+01
2.17600000000E+03	-3.059399E+00	-2.953809E+00	3.266250E+01
2.17700000000E+03	-3.090356E+00	-2.932044E+00	3.260000E+01
2.17800000000E+03	-3.009851E+00	-3.110754E+00	3.260000E+01
2.17900000000E+03	-2.963721E+00	-3.197717E+00	3.260000E+01
2.18000000000E+03	-2.884290E+00	-3.070923E+00	3.272500E+01
2.18100000000E+03	-2.921594E+00	-3.082752E+00	3.272500E+01
2.18200000000E+03	-2.949353E+00	-3.014673E+00	3.260000E+01
2.18300000000E+03	-2.961951E+00	-3.001074E+00	3.260000E+01
2.18400000000E+03	-3.000842E+00	-3.001709E+00	3.260000E+01
2.18500000000E+03	-2.932178E+00	-3.000793E+00	3.260000E+01
2.18600000000E+03	-2.923474E+00	-3.001135E+00	3.272500E+01
2.18700000000E+03	-2.943616E+00	-3.001148E+00	3.272500E+01
2.18800000000E+03	-2.971472E+00	-2.999463E+00	3.266250E+01
2.18900000000E+03	-2.981335E+00	-3.002820E+00	3.260000E+01
2.19000000000E+03	-2.829553E+00	-3.001135E+00	3.260000E+01
2.19100000000E+03	-2.852173E+00	-3.001135E+00	3.253750E+01
2.19200000000E+03	-2.948218E+00	-2.997644E+00	3.266250E+01
2.19300000000E+03	-2.924341E+00	-3.004297E+00	3.253750E+01
2.19400000000E+03	-2.909363E+00	-3.001038E+00	3.260000E+01
2.19500000000E+03	-2.883533E+00	-3.001526E+00	3.247500E+01
2.19600000000E+03	-2.828027E+00	-3.001025E+00	3.272500E+01
2.19700000000E+03	-2.798913E+00	-3.000842E+00	3.260000E+01
2.19800000000E+03	-2.886597E+00	-3.000635E+00	3.253750E+01
2.19900000000E+03	-2.934937E+00	-2.998303E+00	3.253750E+01
2.20000000000E+03	-2.881494E+00	-3.004102E+00	3.260000E+01
2.20100000000E+03	-2.922632E+00	-3.000842E+00	3.260000E+01
2.20200000000E+03	-2.989990E+00	-3.000891E+00	3.260000E+01
2.20300000000E+03	-2.952148E+00	-3.001123E+00	3.253750E+01
2.20400000000E+03	-2.954834E+00	-3.001111E+00	3.266250E+01
2.20500000000E+03	-2.885779E+00	-3.000903E+00	3.260000E+01
2.20600000000E+03	-2.940662E+00	-3.001099E+00	3.260000E+01
2.20700000000E+03	-2.939331E+00	-3.000842E+00	3.272500E+01
2.20800000000E+03	-2.960901E+00	-2.986438E+00	3.253750E+01
2.20900000000E+03	-2.914783E+00	-3.004834E+00	3.260000E+01
2.21000000000E+03	-2.980603E+00	-3.007544E+00	3.260000E+01
2.21100000000E+03	-2.908997E+00	-3.006091E+00	3.253750E+01
2.21200000000E+03	-2.868738E+00	-3.000806E+00	3.272500E+01
2.21300000000E+03	-2.844641E+00	-3.000818E+00	3.260000E+01
2.21400000000E+03	-2.898218E+00	-3.001343E+00	3.253750E+01
2.21500000000E+03	-2.907275E+00	-3.000928E+00	3.247500E+01
2.21600000000E+03	-2.947437E+00	-3.000891E+00	3.253750E+01
2.21700000000E+03	-2.899621E+00	-3.000928E+00	3.247500E+01
2.21800000000E+03	-2.933679E+00	-3.000891E+00	3.253750E+01
2.21900000000E+03	-3.056885E+00	-3.000977E+00	3.266250E+01
2.22000000000E+03	-3.046741E+00	-3.001331E+00	3.260000E+01
2.22100000000E+03	-2.957031E+00	-3.000977E+00	3.241250E+01
2.22200000000E+03	-2.990503E+00	-3.001013E+00	3.260000E+01
2.22300000000E+03	-2.983948E+00	-3.000903E+00	3.253750E+01
2.22400000000E+03	-2.859448E+00	-3.001270E+00	3.260000E+01
2.22500000000E+03	-2.859973E+00	-3.000952E+00	3.260000E+01
2.22600000000E+03	-2.897827E+00	-3.000793E+00	3.266250E+01
2.22700000000E+03	-2.927258E+00	-2.986743E+00	3.247500E+01
2.22800000000E+03	-2.887329E+00	-3.015308E+00	3.247500E+01
2.22900000000E+03	-2.996789E+00	-2.953503E+00	3.247500E+01
2.23000000000E+03	-2.974219E+00	-2.924353E+00	3.247500E+01
2.23100000000E+03	-2.860022E+00	-3.123523E+00	3.253750E+01
2.23200000000E+03	-2.862512E+00	-3.003272E+00	3.241250E+01
2.23300000000E+03	-2.850647E+00	-3.000940E+00	3.260000E+01
2.23400000000E+03	-2.934680E+00	-2.999426E+00	3.247500E+01
2.23500000000E+03	-2.902063E+00	-3.002393E+00	3.235000E+01
2.23600000000E+03	-2.909119E+00	-3.001062E+00	3.247500E+01
2.23700000000E+03	-2.962903E+00	-3.000842E+00	3.241250E+01
2.23800000000E+03	-2.913074E+00	-3.000989E+00	3.241250E+01
2.23900000000E+03	-2.956885E+00	-3.001062E+00	3.247500E+01
2.24000000000E+03	-2.981372E+00	-3.000830E+00	3.241250E+01
2.24100000000E+03	-2.949975E+00	-3.001233E+00	3.266250E+01
2.24200000000E+03	-2.876318E+00	-3.000916E+00	3.253750E+01
2.24300000000E+03	-2.930310E+00	-3.000952E+00	3.253750E+01
2.24400000000E+03	-2.951599E+00	-2.963294E+00	3.241250E+01
2.24500000000E+03	-2.957202E+00	-2.971851E+00	3.253750E+01
2.24600000000E+03	-3.041333E+00	-3.067151E+00	3.247500E+01
2.24700000000E+03	-2.990466E+00	-2.983301E+00	3.247500E+01
2.24800000000E+03	-2.992200E+00	-2.980420E+00	3.247500E+01
2.24900000000E+03	-2.901355E+00	-3.040637E+00	3.247500E+01
2.25000000000E+03	-2.884082E+00	-3.000952E+00	3.247500E+01
2.25100000000E+03	-2.911755E+00	-3.000867E+00	3.247500E+01
2.25200000000E+03	-2.922131E+00	-3.001086E+00	3.253750E+01
2.25300000000E+03	-2.851794E+00	-3.000928E+00	3.260000E+01
2.25400000000E+03	-2.940906E+00	-3.000818E+00	3.260000E+01
2.25500000000E+03	-2.880542E+00	-3.001038E+00	3.235000E+01
2.25600000000E+03	-2.947742E+00	-2.996875E+00	3.253750E+01
2.25700000000E+03	-2.991956E+00	-2.961304E+00	3.260000E+01
2.25800000000E+03	-2.958728E+00	-2.983997E+00	3.247500E+01
2.25900000000E+03	-2.993286E+00	-3.032385E+00	3.247500E+01
2.26000000000E+03	-3.005481E+00	-3.024097E+00	3.260000E+01
2.26100000000E+03	-2.965637E+00	-3.007629E+00	3.247500E+01
2.26200000000E+03	-2.940686E+00	-3.000879E+00	3.260000E+01
2.26300000000E+03	-2.847522E+00	-3.001135E+00	3.247500E+01
2.26400000000E+03	-2.848474E+00	-3.000781E+00	3.253750E+01
2.26500000000E+03	-2.775525E+00	-3.001013E+00	3.260000E+01
