T(Seconds)	E(V)	I(A/cm2)	Temp(C)
9.70500000000E+03	-2.426465E+00	-2.203674E+00	3.078750E+01
9.70600000000E+03	-2.413220E+00	-2.186987E+00	3.097500E+01
9.70700000000E+03	-2.398792E+00	-2.327307E+00	3.091250E+01
9.70800000000E+03	-2.413538E+00	-2.354529E+00	3.085000E+01
9.70900000000E+03	-2.442603E+00	-2.356152E+00	3.085000E+01
9.71000000000E+03	-2.382104E+00	-2.344580E+00	3.085000E+01
9.71100000000E+03	-2.404968E+00	-2.314648E+00	3.085000E+01
9.71200000000E+03	-2.373999E+00	-2.331726E+00	3.078750E+01
9.71300000000E+03	-2.285559E+00	-2.315479E+00	3.085000E+01
9.71400000000E+03	-2.340295E+00	-2.295789E+00	3.097500E+01
9.71500000000E+03	-2.392590E+00	-2.334985E+00	3.091250E+01
9.71600000000E+03	-2.367102E+00	-2.298377E+00	3.085000E+01
9.71700000000E+03	-2.389331E+00	-2.357446E+00	3.085000E+01
9.71800000000E+03	-2.372107E+00	-2.219482E+00	3.091250E+01
9.71900000000E+03	-2.418982E+00	-2.308228E+00	3.085000E+01
9.72000000000E+03	-2.406946E+00	-2.258374E+00	3.085000E+01
9.72100000000E+03	-2.408423E+00	-2.300012E+00	3.072500E+01
9.72200000000E+03	-2.428723E+00	-2.281262E+00	3.078750E+01
9.72300000000E+03	-2.386279E+00	-2.196631E+00	3.078750E+01
9.72400000000E+03	-2.393945E+00	-2.251965E+00	3.085000E+01
9.72500000000E+03	-2.398169E+00	-2.299780E+00	3.078750E+01
9.72600000000E+03	-2.388208E+00	-2.340649E+00	3.085000E+01
9.72700000000E+03	-2.371448E+00	-2.356128E+00	3.085000E+01
9.72800000000E+03	-2.392773E+00	-2.369519E+00	3.085000E+01
9.72900000000E+03	-2.338318E+00	-2.306018E+00	3.078750E+01
9.73000000000E+03	-2.350317E+00	-2.296704E+00	3.097500E+01
9.73100000000E+03	-2.423572E+00	-2.364990E+00	3.078750E+01
9.73200000000E+03	-2.403992E+00	-2.336426E+00	3.066250E+01
9.73300000000E+03	-2.361609E+00	-2.259827E+00	3.078750E+01
9.73400000000E+03	-2.365051E+00	-2.299023E+00	3.085000E+01
9.73500000000E+03	-2.395569E+00	-2.283643E+00	3.078750E+01
9.73600000000E+03	-2.405298E+00	-2.335437E+00	3.078750E+01
9.73700000000E+03	-2.413611E+00	-2.375415E+00	3.091250E+01
9.73800000000E+03	-2.342896E+00	-2.297839E+00	3.091250E+01
9.73900000000E+03	-2.405347E+00	-2.338647E+00	3.097500E+01
9.74000000000E+03	-2.413965E+00	-2.305530E+00	3.091250E+01
9.74100000000E+03	-2.428272E+00	-2.260376E+00	3.091250E+01
9.74200000000E+03	-2.426563E+00	-2.320361E+00	3.091250E+01
9.74300000000E+03	-2.374329E+00	-2.276685E+00	3.091250E+01
9.74400000000E+03	-2.406616E+00	-2.304053E+00	3.078750E+01
9.74500000000E+03	-2.452808E+00	-2.298987E+00	3.091250E+01
9.74600000000E+03	-2.413367E+00	-2.188562E+00	3.097500E+01
9.74700000000E+03	-2.409936E+00	-2.256860E+00	3.085000E+01
9.74800000000E+03	-2.344971E+00	-2.250903E+00	3.103750E+01
9.74900000000E+03	-2.343298E+00	-2.251489E+00	3.097500E+01
9.75000000000E+03	-2.355469E+00	-2.278174E+00	3.091250E+01
9.75100000000E+03	-2.408337E+00	-2.273718E+00	3.091250E+01
9.75200000000E+03	-2.395569E+00	-2.236255E+00	3.091250E+01
9.75300000000E+03	-2.424670E+00	-2.297620E+00	3.097500E+01
9.75400000000E+03	-2.382605E+00	-2.226672E+00	3.091250E+01
9.75500000000E+03	-2.431751E+00	-2.228613E+00	3.097500E+01
9.75600000000E+03	-2.402527E+00	-2.233020E+00	3.097500E+01
9.75700000000E+03	-2.408630E+00	-2.260974E+00	3.072500E+01
9.75800000000E+03	-2.410645E+00	-2.228748E+00	3.091250E+01
9.75900000000E+03	-2.403650E+00	-2.300098E+00	3.085000E+01
9.76000000000E+03	-2.415430E+00	-2.319043E+00	3.110000E+01
9.76100000000E+03	-2.382422E+00	-2.458264E+00	3.091250E+01
9.76200000000E+03	-2.416443E+00	-2.346924E+00	3.085000E+01
9.76300000000E+03	-2.374622E+00	-2.388525E+00	3.091250E+01
9.76400000000E+03	-2.413940E+00	-2.376697E+00	3.091250E+01
9.76500000000E+03	-2.405554E+00	-2.386658E+00	3.085000E+01
9.76600000000E+03	-2.415759E+00	-2.356201E+00	3.103750E+01
9.76700000000E+03	-2.404346E+00	-2.357227E+00	3.091250E+01
9.76800000000E+03	-2.410376E+00	-2.336707E+00	3.085000E+01
9.76900000000E+03	-2.376990E+00	-2.290564E+00	3.097500E+01
9.77000000000E+03	-2.332678E+00	-2.349060E+00	3.103750E+01
9.77100000000E+03	-2.407214E+00	-2.338721E+00	3.091250E+01
9.77200000000E+03	-2.394958E+00	-2.344629E+00	3.091250E+01
9.77300000000E+03	-2.381629E+00	-2.317188E+00	3.091250E+01
9.77400000000E+03	-2.402197E+00	-2.261865E+00	3.091250E+01
9.77500000000E+03	-2.417798E+00	-2.319568E+00	3.091250E+01
9.77600000000E+03	-2.402307E+00	-2.282703E+00	3.097500E+01
9.77700000000E+03	-2.397790E+00	-2.274304E+00	3.085000E+01
9.77800000000E+03	-2.389307E+00	-2.259729E+00	3.097500E+01
9.77900000000E+03	-2.359656E+00	-2.247119E+00	3.085000E+01
9.78000000000E+03	-2.418140E+00	-2.208642E+00	3.085000E+01
9.78100000000E+03	-2.376025E+00	-2.202942E+00	3.091250E+01
9.78200000000E+03	-2.414185E+00	-2.277844E+00	3.097500E+01
9.78300000000E+03	-2.407605E+00	-2.261878E+00	3.103750E+01
9.78400000000E+03	-2.430286E+00	-2.254443E+00	3.091250E+01
9.78500000000E+03	-2.403625E+00	-2.208728E+00	3.091250E+01
9.78600000000E+03	-2.402173E+00	-2.214490E+00	3.091250E+01
9.78700000000E+03	-2.378564E+00	-2.220459E+00	3.091250E+01
9.78800000000E+03	-2.443384E+00	-2.238818E+00	3.085000E+01
9.78900000000E+03	-2.430810E+00	-2.220911E+00	3.091250E+01
9.79000000000E+03	-2.391492E+00	-2.220801E+00	3.091250E+01
9.79100000000E+03	-2.417468E+00	-2.214587E+00	3.103750E+01
9.79200000000E+03	-2.390637E+00	-2.174902E+00	3.091250E+01
9.79300000000E+03	-2.425598E+00	-2.246545E+00	3.097500E+01
9.79400000000E+03	-2.423242E+00	-2.259119E+00	3.110000E+01
9.79500000000E+03	-2.422925E+00	-2.192981E+00	3.091250E+01
9.79600000000E+03	-2.412927E+00	-2.204749E+00	3.085000E+01
9.79700000000E+03	-2.393225E+00	-2.206982E+00	3.091250E+01
9.79800000000E+03	-2.433801E+00	-2.253747E+00	3.085000E+01
9.79900000000E+03	-2.410498E+00	-2.223877E+00	3.085000E+01
9.80000000000E+03	-2.426904E+00	-2.193457E+00	3.085000E+01
9.80100000000E+03	-2.427673E+00	-2.261658E+00	3.078750E+01
9.80200000000E+03	-2.425122E+00	-2.245837E+00	3.085000E+01
9.80300000000E+03	-2.406213E+00	-2.217151E+00	3.085000E+01
9.80400000000E+03	-2.392224E+00	-2.235144E+00	3.097500E+01
9.80500000000E+03	-2.387219E+00	-2.194348E+00	3.085000E+01
9.80600000000E+03	-2.423596E+00	-2.182861E+00	3.072500E+01
9.80700000000E+03	-2.431006E+00	-2.305896E+00	3.091250E+01
9.80800000000E+03	-2.419373E+00	-2.242566E+00	3.097500E+01
9.80900000000E+03	-2.385193E+00	-2.187317E+00	3.091250E+01
9.81000000000E+03	-2.423511E+00	-2.212427E+00	3.103750E+01
9.81100000000E+03	-2.396765E+00	-2.252051E+00	3.085000E+01
9.81200000000E+03	-2.385034E+00	-2.220532E+00	3.091250E+01
9.81300000000E+03	-2.388513E+00	-2.214966E+00	3.091250E+01
9.81400000000E+03	-2.400440E+00	-2.262000E+00	3.097500E+01
9.81500000000E+03	-2.389197E+00	-2.318103E+00	3.103750E+01
9.81600000000E+03	-2.394812E+00	-2.351367E+00	3.085000E+01
9.81700000000E+03	-2.407532E+00	-2.324219E+00	3.091250E+01
9.81800000000E+03	-2.403137E+00	-2.404944E+00	3.078750E+01
9.81900000000E+03	-2.374402E+00	-2.323755E+00	3.091250E+01
9.82000000000E+03	-2.397302E+00	-2.340112E+00	3.085000E+01
9.82100000000E+03	-2.391931E+00	-2.335803E+00	3.085000E+01
9.82200000000E+03	-2.403210E+00	-2.336816E+00	3.103750E+01
9.82300000000E+03	-2.399377E+00	-2.315662E+00	3.091250E+01
9.82400000000E+03	-2.415674E+00	-2.345911E+00	3.091250E+01
9.82500000000E+03	-2.375806E+00	-2.244214E+00	3.091250E+01
9.82600000000E+03	-2.442810E+00	-2.364563E+00	3.085000E+01
9.82700000000E+03	-2.411340E+00	-2.320251E+00	3.085000E+01
9.82800000000E+03	-2.410449E+00	-2.303748E+00	3.072500E+01
9.82900000000E+03	-2.380469E+00	-2.237158E+00	3.085000E+01
9.83000000000E+03	-2.380444E+00	-2.269275E+00	3.091250E+01
9.83100000000E+03	-2.386255E+00	-2.284534E+00	3.091250E+01
9.83200000000E+03	-2.384070E+00	-2.288367E+00	3.078750E+01
9.83300000000E+03	-2.374951E+00	-2.263416E+00	3.085000E+01
9.83400000000E+03	-2.400671E+00	-2.274707E+00	3.085000E+01
9.83500000000E+03	-2.312390E+00	-2.193176E+00	3.091250E+01
9.83600000000E+03	-2.349109E+00	-2.191150E+00	3.097500E+01
9.83700000000E+03	-2.346777E+00	-2.209253E+00	3.103750E+01
9.83800000000E+03	-2.393604E+00	-2.239099E+00	3.078750E+01
9.83900000000E+03	-2.398706E+00	-2.235034E+00	3.085000E+01
9.84000000000E+03	-2.401453E+00	-2.367163E+00	3.110000E+01
9.84100000000E+03	-2.403113E+00	-2.412561E+00	3.085000E+01
9.84200000000E+03	-2.389612E+00	-2.359033E+00	3.091250E+01
9.84300000000E+03	-2.398474E+00	-2.362854E+00	3.097500E+01
9.84400000000E+03	-2.373816E+00	-2.319897E+00	3.091250E+01
9.84500000000E+03	-2.380029E+00	-2.313086E+00	3.097500E+01
9.84600000000E+03	-2.384326E+00	-2.253442E+00	3.097500E+01
9.84700000000E+03	-2.362891E+00	-2.318024E+00	3.091250E+01
9.84800000000E+03	-2.360571E+00	-2.323682E+00	3.091250E+01
9.84900000000E+03	-2.336841E+00	-2.354895E+00	3.097500E+01
9.85000000000E+03	-2.318347E+00	-2.272461E+00	3.097500E+01
9.85100000000E+03	-2.365930E+00	-2.320154E+00	3.103750E+01
9.85200000000E+03	-2.355493E+00	-2.327271E+00	3.091250E+01
9.85300000000E+03	-2.374622E+00	-2.230615E+00	3.072500E+01
9.85400000000E+03	-2.341174E+00	-2.256177E+00	3.097500E+01
9.85500000000E+03	-2.412195E+00	-2.290710E+00	3.091250E+01
9.85600000000E+03	-2.344995E+00	-2.216028E+00	3.097500E+01
9.85700000000E+03	-2.414099E+00	-2.253808E+00	3.091250E+01
9.85800000000E+03	-2.352307E+00	-2.202051E+00	3.091250E+01
9.85900000000E+03	-2.338001E+00	-2.233948E+00	3.097500E+01
9.86000000000E+03	-2.368665E+00	-2.322559E+00	3.097500E+01
9.86100000000E+03	-2.369958E+00	-2.291358E+00	3.091250E+01
9.86200000000E+03	-2.408655E+00	-2.302417E+00	3.091250E+01
9.86300000000E+03	-2.356238E+00	-2.269311E+00	3.103750E+01
9.86400000000E+03	-2.399243E+00	-2.295996E+00	3.078750E+01
9.86500000000E+03	-2.330847E+00	-2.232898E+00	3.085000E+01
9.86600000000E+03	-2.336035E+00	-2.286731E+00	3.097500E+01
9.86700000000E+03	-2.331531E+00	-2.247717E+00	3.097500E+01
9.86800000000E+03	-2.299402E+00	-2.219324E+00	3.085000E+01
9.86900000000E+03	-2.371936E+00	-2.221252E+00	3.103750E+01
9.87000000000E+03	-2.354529E+00	-2.235095E+00	3.085000E+01
9.87100000000E+03	-2.368103E+00	-2.255713E+00	3.085000E+01
9.87200000000E+03	-2.397046E+00	-2.319788E+00	3.091250E+01
9.87300000000E+03	-2.378296E+00	-2.314783E+00	3.085000E+01
9.87400000000E+03	-2.381897E+00	-2.275256E+00	3.097500E+01
9.87500000000E+03	-2.342383E+00	-2.293164E+00	3.085000E+01
9.87600000000E+03	-2.371240E+00	-2.273584E+00	3.091250E+01
9.87700000000E+03	-2.354626E+00	-2.314172E+00	3.085000E+01
9.87800000000E+03	-2.371069E+00	-2.282861E+00	3.103750E+01
9.87900000000E+03	-2.397876E+00	-2.324512E+00	3.103750E+01
9.88000000000E+03	-2.390967E+00	-2.291577E+00	3.085000E+01
9.88100000000E+03	-2.399414E+00	-2.341296E+00	3.091250E+01
9.88200000000E+03	-2.361719E+00	-2.323633E+00	3.085000E+01
9.88300000000E+03	-2.353772E+00	-2.278625E+00	3.103750E+01
9.88400000000E+03	-2.393237E+00	-2.350220E+00	3.085000E+01
9.88500000000E+03	-2.420703E+00	-2.346619E+00	3.078750E+01
9.88600000000E+03	-2.415308E+00	-2.310803E+00	3.085000E+01
9.88700000000E+03	-2.375110E+00	-2.317566E+00	3.085000E+01
9.88800000000E+03	-2.339221E+00	-2.273962E+00	3.097500E+01
9.88900000000E+03	-2.338220E+00	-2.313342E+00	3.072500E+01
9.89000000000E+03	-2.327539E+00	-2.270410E+00	3.085000E+01
9.89100000000E+03	-2.354358E+00	-2.307873E+00	3.085000E+01
9.89200000000E+03	-2.335657E+00	-2.283679E+00	3.097500E+01
9.89300000000E+03	-2.294946E+00	-2.269067E+00	3.085000E+01
9.89400000000E+03	-2.301086E+00	-2.213208E+00	3.085000E+01
9.89500000000E+03	-2.316711E+00	-2.173059E+00	3.103750E+01
9.89600000000E+03	-2.298694E+00	-2.233423E+00	3.085000E+01
9.89700000000E+03	-2.320850E+00	-2.209082E+00	3.103750E+01
9.89800000000E+03	-2.366626E+00	-2.203564E+00	3.085000E+01
9.89900000000E+03	-2.336169E+00	-2.241907E+00	3.091250E+01
9.90000000000E+03	-2.323218E+00	-2.202466E+00	3.091250E+01
9.90100000000E+03	-2.334204E+00	-2.206641E+00	3.097500E+01
9.90200000000E+03	-2.329651E+00	-2.247583E+00	3.097500E+01
9.90300000000E+03	-2.364307E+00	-2.257739E+00	3.097500E+01
9.90400000000E+03	-2.365222E+00	-2.211926E+00	3.078750E+01
9.90500000000E+03	-2.347644E+00	-2.234912E+00	3.085000E+01
9.90600000000E+03	-2.354272E+00	-2.211902E+00	3.078750E+01
9.90700000000E+03	-2.372302E+00	-2.223181E+00	3.091250E+01
9.90800000000E+03	-2.361194E+00	-2.180042E+00	3.085000E+01
9.90900000000E+03	-2.407605E+00	-2.247192E+00	3.085000E+01
9.91000000000E+03	-2.324170E+00	-2.160999E+00	3.085000E+01
9.91100000000E+03	-2.379749E+00	-2.223608E+00	3.078750E+01
9.91200000000E+03	-2.381055E+00	-2.207727E+00	3.097500E+01
9.91300000000E+03	-2.339563E+00	-2.270984E+00	3.078750E+01
9.91400000000E+03	-2.341724E+00	-2.326416E+00	3.085000E+01
9.91500000000E+03	-2.271484E+00	-2.217114E+00	3.091250E+01
9.91600000000E+03	-2.286475E+00	-2.244885E+00	3.085000E+01
9.91700000000E+03	-2.336890E+00	-2.281018E+00	3.078750E+01
9.91800000000E+03	-2.343152E+00	-2.285767E+00	3.085000E+01
9.91900000000E+03	-2.294739E+00	-2.309277E+00	3.085000E+01
9.92000000000E+03	-2.318323E+00	-2.217847E+00	3.091250E+01
9.92100000000E+03	-2.348718E+00	-2.284021E+00	3.091250E+01
9.92200000000E+03	-2.307007E+00	-2.219214E+00	3.103750E+01
9.92300000000E+03	-2.307129E+00	-2.216809E+00	3.085000E+01
9.92400000000E+03	-2.249609E+00	-2.106909E+00	3.078750E+01
9.92500000000E+03	-2.362500E+00	-2.194251E+00	3.091250E+01
9.92600000000E+03	-2.330225E+00	-2.289075E+00	3.078750E+01
9.92700000000E+03	-2.368567E+00	-2.266846E+00	3.085000E+01
9.92800000000E+03	-2.344763E+00	-2.279956E+00	3.091250E+01
9.92900000000E+03	-2.351770E+00	-2.217590E+00	3.078750E+01
9.93000000000E+03	-2.354065E+00	-2.214099E+00	3.091250E+01
9.93100000000E+03	-2.340942E+00	-2.224463E+00	3.085000E+01
9.93200000000E+03	-2.311291E+00	-2.157764E+00	3.097500E+01
9.93300000000E+03	-2.324768E+00	-2.208777E+00	3.085000E+01
9.93400000000E+03	-2.293542E+00	-2.254529E+00	3.078750E+01
9.93500000000E+03	-2.358435E+00	-2.312012E+00	3.078750E+01
9.93600000000E+03	-2.370972E+00	-2.192090E+00	3.078750E+01
9.93700000000E+03	-2.347339E+00	-2.284326E+00	3.078750E+01
9.93800000000E+03	-2.388306E+00	-2.248840E+00	3.097500E+01
9.93900000000E+03	-2.356042E+00	-2.213757E+00	3.085000E+01
9.94000000000E+03	-2.377124E+00	-2.247754E+00	3.078750E+01
9.94100000000E+03	-2.346924E+00	-2.259876E+00	3.085000E+01
9.94200000000E+03	-2.338684E+00	-2.239111E+00	3.085000E+01
9.94300000000E+03	-2.299963E+00	-2.240027E+00	3.091250E+01
9.94400000000E+03	-2.345874E+00	-2.229626E+00	3.085000E+01
9.94500000000E+03	-2.334277E+00	-2.230920E+00	3.078750E+01
9.94600000000E+03	-2.328284E+00	-2.220874E+00	3.085000E+01
9.94700000000E+03	-2.343567E+00	-2.261169E+00	3.103750E+01
9.94800000000E+03	-2.323230E+00	-2.274524E+00	3.085000E+01
9.94900000000E+03	-2.242981E+00	-2.276221E+00	3.097500E+01
9.95000000000E+03	-2.313293E+00	-2.329041E+00	3.078750E+01
9.95100000000E+03	-2.330933E+00	-2.313391E+00	3.097500E+01
9.95200000000E+03	-2.330811E+00	-2.294446E+00	3.097500E+01
9.95300000000E+03	-2.249768E+00	-2.264966E+00	3.091250E+01
9.95400000000E+03	-2.274292E+00	-2.214441E+00	3.078750E+01
9.95500000000E+03	-2.291394E+00	-2.241467E+00	3.091250E+01
9.95600000000E+03	-2.312354E+00	-2.290356E+00	3.078750E+01
9.95700000000E+03	-2.295081E+00	-2.192725E+00	3.091250E+01
9.95800000000E+03	-2.368738E+00	-2.329187E+00	3.085000E+01
9.95900000000E+03	-2.322363E+00	-2.253357E+00	3.078750E+01
9.96000000000E+03	-2.328479E+00	-2.283984E+00	3.078750E+01
9.96100000000E+03	-2.324707E+00	-2.259583E+00	3.085000E+01
9.96200000000E+03	-2.295642E+00	-2.233789E+00	3.078750E+01
9.96300000000E+03	-2.389941E+00	-2.300867E+00	3.085000E+01
9.96400000000E+03	-2.372144E+00	-2.282446E+00	3.078750E+01
9.96500000000E+03	-2.368677E+00	-2.281738E+00	3.091250E+01
9.96600000000E+03	-2.327258E+00	-2.199890E+00	3.078750E+01
9.96700000000E+03	-2.333032E+00	-2.279480E+00	3.097500E+01
9.96800000000E+03	-2.336768E+00	-2.292786E+00	3.085000E+01
9.96900000000E+03	-2.347168E+00	-2.349573E+00	3.097500E+01
9.97000000000E+03	-2.326318E+00	-2.276038E+00	3.091250E+01
9.97100000000E+03	-2.282800E+00	-2.273706E+00	3.097500E+01
9.97200000000E+03	-2.285144E+00	-2.282727E+00	3.091250E+01
9.97300000000E+03	-2.319421E+00	-2.232751E+00	3.097500E+01
9.97400000000E+03	-2.283374E+00	-2.224548E+00	3.078750E+01
9.97500000000E+03	-2.325696E+00	-2.161279E+00	3.103750E+01
9.97600000000E+03	-2.363000E+00	-2.173913E+00	3.085000E+01
9.97700000000E+03	-2.362073E+00	-2.264941E+00	3.097500E+01
9.97800000000E+03	-2.361645E+00	-2.234546E+00	3.097500E+01
9.97900000000E+03	-2.349084E+00	-2.210779E+00	3.097500E+01
9.98000000000E+03	-2.337512E+00	-2.198437E+00	3.097500E+01
9.98100000000E+03	-2.362329E+00	-2.162280E+00	3.103750E+01
9.98200000000E+03	-2.345605E+00	-2.194556E+00	3.110000E+01
9.98300000000E+03	-2.383801E+00	-2.217517E+00	3.091250E+01
9.98400000000E+03	-2.396570E+00	-2.248901E+00	3.103750E+01
9.98500000000E+03	-2.373206E+00	-2.181934E+00	3.085000E+01
9.98600000000E+03	-2.369873E+00	-2.215295E+00	3.091250E+01
9.98700000000E+03	-2.304797E+00	-2.242969E+00	3.097500E+01
9.98800000000E+03	-2.331262E+00	-2.268384E+00	3.091250E+01
9.98900000000E+03	-2.291431E+00	-2.275269E+00	3.072500E+01
9.99000000000E+03	-2.335181E+00	-2.279212E+00	3.116250E+01
9.99100000000E+03	-2.332800E+00	-2.303210E+00	3.085000E+01
9.99200000000E+03	-2.300342E+00	-2.214905E+00	3.085000E+01
9.99300000000E+03	-2.337244E+00	-2.286536E+00	3.078750E+01
9.99400000000E+03	-2.341077E+00	-2.315234E+00	3.091250E+01
9.99500000000E+03	-2.344580E+00	-2.277210E+00	3.085000E+01
9.99600000000E+03	-2.340625E+00	-2.272986E+00	3.085000E+01
9.99700000000E+03	-2.368249E+00	-2.262244E+00	3.103750E+01
9.99800000000E+03	-2.364783E+00	-2.263867E+00	3.091250E+01
9.99900000000E+03	-2.344214E+00	-2.221350E+00	3.072500E+01
1.00000000000E+04	-2.367639E+00	-2.273865E+00	3.103750E+01
1.00010000000E+04	-2.352930E+00	-2.248474E+00	3.078750E+01
1.00020000000E+04	-2.339795E+00	-2.259888E+00	3.078750E+01
1.00030000000E+04	-2.338086E+00	-2.251123E+00	3.091250E+01
1.00040000000E+04	-2.324500E+00	-2.252881E+00	3.078750E+01
1.00050000000E+04	-2.321350E+00	-2.206177E+00	3.085000E+01
1.00060000000E+04	-2.320459E+00	-2.241687E+00	3.085000E+01
1.00070000000E+04	-2.286157E+00	-2.235388E+00	3.085000E+01
1.00080000000E+04	-2.303076E+00	-2.217065E+00	3.103750E+01
1.00090000000E+04	-2.325183E+00	-2.145996E+00	3.085000E+01
1.00100000000E+04	-2.343225E+00	-2.192481E+00	3.097500E+01
1.00110000000E+04	-2.308460E+00	-2.140112E+00	3.103750E+01
1.00120000000E+04	-2.344031E+00	-2.227661E+00	3.091250E+01
1.00130000000E+04	-2.354651E+00	-2.207910E+00	3.103750E+01
1.00140000000E+04	-2.415894E+00	-2.226770E+00	3.078750E+01
1.00150000000E+04	-2.355127E+00	-2.205493E+00	3.085000E+01
1.00160000000E+04	-2.359302E+00	-2.268005E+00	3.097500E+01
1.00170000000E+04	-2.350830E+00	-2.293445E+00	3.085000E+01
1.00180000000E+04	-2.378296E+00	-2.252478E+00	3.078750E+01
1.00190000000E+04	-2.329614E+00	-2.312549E+00	3.091250E+01
1.00200000000E+04	-2.323523E+00	-2.242700E+00	3.091250E+01
1.00210000000E+04	-2.317749E+00	-2.228906E+00	3.091250E+01
1.00220000000E+04	-2.380481E+00	-2.272388E+00	3.091250E+01
1.00230000000E+04	-2.375732E+00	-2.284314E+00	3.097500E+01
1.00240000000E+04	-2.337598E+00	-2.225427E+00	3.091250E+01
1.00250000000E+04	-2.349646E+00	-2.303333E+00	3.097500E+01
1.00260000000E+04	-2.351892E+00	-2.245459E+00	3.085000E+01
1.00270000000E+04	-2.332666E+00	-2.236084E+00	3.078750E+01
1.00280000000E+04	-2.306677E+00	-2.177710E+00	3.097500E+01
1.00290000000E+04	-2.327148E+00	-2.229724E+00	3.091250E+01
1.00300000000E+04	-2.384692E+00	-2.239050E+00	3.097500E+01
1.00310000000E+04	-2.393311E+00	-2.274780E+00	3.085000E+01
1.00320000000E+04	-2.370715E+00	-2.228650E+00	3.085000E+01
1.00330000000E+04	-2.389734E+00	-2.252625E+00	3.103750E+01
1.00340000000E+04	-2.409936E+00	-2.275403E+00	3.078750E+01
1.00350000000E+04	-2.384888E+00	-2.237927E+00	3.091250E+01
1.00360000000E+04	-2.366113E+00	-2.242651E+00	3.085000E+01
1.00370000000E+04	-2.332861E+00	-2.236804E+00	3.078750E+01
1.00380000000E+04	-2.368689E+00	-2.248706E+00	3.097500E+01
1.00390000000E+04	-2.371021E+00	-2.235205E+00	3.091250E+01
1.00400000000E+04	-2.395459E+00	-2.227637E+00	3.078750E+01
1.00410000000E+04	-2.379272E+00	-2.240491E+00	3.091250E+01
1.00420000000E+04	-2.345239E+00	-2.244544E+00	3.097500E+01
1.00430000000E+04	-2.356140E+00	-2.273840E+00	3.085000E+01
1.00440000000E+04	-2.350574E+00	-2.275659E+00	3.103750E+01
1.00450000000E+04	-2.345703E+00	-2.222974E+00	3.097500E+01
1.00460000000E+04	-2.344690E+00	-2.222864E+00	3.103750E+01
1.00470000000E+04	-2.373376E+00	-2.294299E+00	3.091250E+01
1.00480000000E+04	-2.327625E+00	-2.299426E+00	3.085000E+01
1.00490000000E+04	-2.355713E+00	-2.250415E+00	3.091250E+01
1.00500000000E+04	-2.360864E+00	-2.220935E+00	3.103750E+01
1.00510000000E+04	-2.386047E+00	-2.262146E+00	3.072500E+01
1.00520000000E+04	-2.375635E+00	-2.211560E+00	3.097500E+01
1.00530000000E+04	-2.338001E+00	-2.252502E+00	3.091250E+01
1.00540000000E+04	-2.308508E+00	-2.239172E+00	3.097500E+01
1.00550000000E+04	-2.291223E+00	-2.181274E+00	3.097500E+01
1.00560000000E+04	-2.329749E+00	-2.178565E+00	3.097500E+01
1.00570000000E+04	-2.327502E+00	-2.152380E+00	3.097500E+01
1.00580000000E+04	-2.331409E+00	-2.150024E+00	3.085000E+01
1.00590000000E+04	-2.343164E+00	-2.154077E+00	3.097500E+01
1.00600000000E+04	-2.326062E+00	-2.166785E+00	3.091250E+01
1.00610000000E+04	-2.304981E+00	-2.143164E+00	3.116250E+01
1.00620000000E+04	-2.302344E+00	-2.203418E+00	3.085000E+01
1.00630000000E+04	-2.327209E+00	-2.267456E+00	3.085000E+01
1.00640000000E+04	-2.307605E+00	-2.245190E+00	3.091250E+01
1.00650000000E+04	-2.286353E+00	-2.273645E+00	3.097500E+01
1.00660000000E+04	-2.351721E+00	-2.264868E+00	3.085000E+01
1.00670000000E+04	-2.305920E+00	-2.331714E+00	3.091250E+01
1.00680000000E+04	-2.316223E+00	-2.289441E+00	3.097500E+01
1.00690000000E+04	-2.298608E+00	-2.310266E+00	3.091250E+01
1.00700000000E+04	-2.240735E+00	-2.213184E+00	3.097500E+01
1.00710000000E+04	-2.338953E+00	-2.314893E+00	3.085000E+01
1.00720000000E+04	-2.301575E+00	-2.247510E+00	3.103750E+01
1.00730000000E+04	-2.305335E+00	-2.152991E+00	3.110000E+01
1.00740000000E+04	-2.254797E+00	-2.169714E+00	3.110000E+01
1.00750000000E+04	-2.306958E+00	-2.235315E+00	3.128750E+01
1.00760000000E+04	-2.322742E+00	-2.246619E+00	3.122500E+01
1.00770000000E+04	-2.342261E+00	-2.264001E+00	3.128750E+01
1.00780000000E+04	-2.343042E+00	-2.185352E+00	3.122500E+01
1.00790000000E+04	-2.329382E+00	-2.254333E+00	3.122500E+01
1.00800000000E+04	-2.301465E+00	-2.238538E+00	3.135000E+01
1.00810000000E+04	-2.317481E+00	-2.214636E+00	3.135000E+01
1.00820000000E+04	-2.325757E+00	-2.228381E+00	3.128750E+01
1.00830000000E+04	-2.345666E+00	-2.181531E+00	3.128750E+01
1.00840000000E+04	-2.353479E+00	-2.220972E+00	3.128750E+01
1.00850000000E+04	-2.353833E+00	-2.172192E+00	3.135000E+01
1.00860000000E+04	-2.348767E+00	-2.230945E+00	3.141250E+01
1.00870000000E+04	-2.347168E+00	-2.167456E+00	3.135000E+01
1.00880000000E+04	-2.364331E+00	-2.221753E+00	3.122500E+01
1.00890000000E+04	-2.263013E+00	-2.181909E+00	3.141250E+01
1.00900000000E+04	-2.279175E+00	-2.221301E+00	3.122500E+01
1.00910000000E+04	-2.301416E+00	-2.221924E+00	3.135000E+01
1.00920000000E+04	-2.324939E+00	-2.274475E+00	3.110000E+01
1.00930000000E+04	-2.324426E+00	-2.257629E+00	3.122500E+01
1.00940000000E+04	-2.357898E+00	-2.251184E+00	3.110000E+01
1.00950000000E+04	-2.341003E+00	-2.280664E+00	3.135000E+01
1.00960000000E+04	-2.320862E+00	-2.242224E+00	3.122500E+01
1.00970000000E+04	-2.289880E+00	-2.294861E+00	3.116250E+01
1.00980000000E+04	-2.308594E+00	-2.309338E+00	3.122500E+01
1.00990000000E+04	-2.294580E+00	-2.283997E+00	3.116250E+01
1.01000000000E+04	-2.278650E+00	-2.267041E+00	3.116250E+01
1.01010000000E+04	-2.301477E+00	-2.304346E+00	3.116250E+01
1.01020000000E+04	-2.309399E+00	-2.235864E+00	3.122500E+01
1.01030000000E+04	-2.280090E+00	-2.194726E+00	3.122500E+01
1.01040000000E+04	-2.339905E+00	-2.280225E+00	3.128750E+01
1.01050000000E+04	-2.306665E+00	-2.256665E+00	3.110000E+01
1.01060000000E+04	-2.356604E+00	-2.234412E+00	3.122500E+01
1.01070000000E+04	-2.347888E+00	-2.286267E+00	3.122500E+01
1.01080000000E+04	-2.376343E+00	-2.233508E+00	3.122500E+01
1.01090000000E+04	-2.327161E+00	-2.225757E+00	3.116250E+01
1.01100000000E+04	-2.321692E+00	-2.203967E+00	3.128750E+01
1.01110000000E+04	-2.345215E+00	-2.187012E+00	3.110000E+01
1.01120000000E+04	-2.358667E+00	-2.232678E+00	3.122500E+01
1.01130000000E+04	-2.371423E+00	-2.222205E+00	3.116250E+01
1.01140000000E+04	-2.329944E+00	-2.167835E+00	3.116250E+01
1.01150000000E+04	-2.346948E+00	-2.215064E+00	3.135000E+01
1.01160000000E+04	-2.379981E+00	-2.174060E+00	3.116250E+01
1.01170000000E+04	-2.363696E+00	-2.210828E+00	3.110000E+01
1.01180000000E+04	-2.318884E+00	-2.176770E+00	3.116250E+01
1.01190000000E+04	-2.346497E+00	-2.238061E+00	3.116250E+01
1.01200000000E+04	-2.325500E+00	-2.166870E+00	3.116250E+01
1.01210000000E+04	-2.336816E+00	-2.159875E+00	3.116250E+01
1.01220000000E+04	-2.311340E+00	-2.105579E+00	3.110000E+01
1.01230000000E+04	-2.309473E+00	-2.112659E+00	3.116250E+01
1.01240000000E+04	-2.325940E+00	-2.234631E+00	3.116250E+01
1.01250000000E+04	-2.292688E+00	-2.138281E+00	3.122500E+01
1.01260000000E+04	-2.277844E+00	-2.189063E+00	3.110000E+01
1.01270000000E+04	-2.346900E+00	-2.196960E+00	3.110000E+01
1.01280000000E+04	-2.308984E+00	-2.148767E+00	3.110000E+01
1.01290000000E+04	-2.311670E+00	-2.223377E+00	3.103750E+01
1.01300000000E+04	-2.291943E+00	-2.250806E+00	3.103750E+01
1.01310000000E+04	-2.354956E+00	-2.221887E+00	3.116250E+01
1.01320000000E+04	-2.320166E+00	-2.240063E+00	3.110000E+01
1.01330000000E+04	-2.302710E+00	-2.243005E+00	3.097500E+01
1.01340000000E+04	-2.325806E+00	-2.256055E+00	3.103750E+01
1.01350000000E+04	-2.283850E+00	-2.184900E+00	3.103750E+01
1.01360000000E+04	-2.268945E+00	-2.174670E+00	3.097500E+01
1.01370000000E+04	-2.364404E+00	-2.284216E+00	3.116250E+01
1.01380000000E+04	-2.361279E+00	-2.290906E+00	3.110000E+01
1.01390000000E+04	-2.298926E+00	-2.223120E+00	3.091250E+01
1.01400000000E+04	-2.326343E+00	-2.258106E+00	3.110000E+01
1.01410000000E+04	-2.317481E+00	-2.162744E+00	3.116250E+01
1.01420000000E+04	-2.330994E+00	-2.219983E+00	3.097500E+01
1.01430000000E+04	-2.315527E+00	-2.159094E+00	3.103750E+01
1.01440000000E+04	-2.346863E+00	-2.252527E+00	3.110000E+01
1.01450000000E+04	-2.337708E+00	-2.220227E+00	3.110000E+01
1.01460000000E+04	-2.343445E+00	-2.111499E+00	3.103750E+01
1.01470000000E+04	-2.357190E+00	-2.206262E+00	3.110000E+01
1.01480000000E+04	-2.343726E+00	-2.200366E+00	3.091250E+01
1.01490000000E+04	-2.298560E+00	-2.233142E+00	3.116250E+01
1.01500000000E+04	-2.352856E+00	-2.224243E+00	3.103750E+01
1.01510000000E+04	-2.315173E+00	-2.183295E+00	3.091250E+01
1.01520000000E+04	-2.355335E+00	-2.252209E+00	3.091250E+01
1.01530000000E+04	-2.274609E+00	-2.177441E+00	3.097500E+01
1.01540000000E+04	-2.343774E+00	-2.180090E+00	3.085000E+01
1.01550000000E+04	-2.287073E+00	-2.233276E+00	3.097500E+01
1.01560000000E+04	-2.287073E+00	-2.159400E+00	3.116250E+01
1.01570000000E+04	-2.244751E+00	-2.190747E+00	3.103750E+01
1.01580000000E+04	-2.300330E+00	-2.154846E+00	3.091250E+01
1.01590000000E+04	-2.340393E+00	-2.189600E+00	3.091250E+01
1.01600000000E+04	-2.334167E+00	-2.145166E+00	3.103750E+01
1.01610000000E+04	-2.336340E+00	-2.122412E+00	3.091250E+01
1.01620000000E+04	-2.320081E+00	-2.134228E+00	3.097500E+01
1.01630000000E+04	-2.341553E+00	-2.187329E+00	3.091250E+01
1.01640000000E+04	-2.303601E+00	-2.156299E+00	3.085000E+01
1.01650000000E+04	-2.322339E+00	-2.144189E+00	3.097500E+01
1.01660000000E+04	-2.316382E+00	-2.116779E+00	3.110000E+01
1.01670000000E+04	-2.366284E+00	-2.175818E+00	3.091250E+01
1.01680000000E+04	-2.368018E+00	-2.216736E+00	3.097500E+01
1.01690000000E+04	-2.344287E+00	-2.245850E+00	3.091250E+01
1.01700000000E+04	-2.345947E+00	-2.163989E+00	3.103750E+01
1.01710000000E+04	-2.352197E+00	-2.179529E+00	3.091250E+01
1.01720000000E+04	-2.350232E+00	-2.159595E+00	3.078750E+01
1.01730000000E+04	-2.321326E+00	-2.167566E+00	3.091250E+01
1.01740000000E+04	-2.347595E+00	-2.210376E+00	3.091250E+01
1.01750000000E+04	-2.309180E+00	-2.206055E+00	3.091250E+01
1.01760000000E+04	-2.355457E+00	-2.146411E+00	3.091250E+01
1.01770000000E+04	-2.361365E+00	-2.164941E+00	3.097500E+01
1.01780000000E+04	-2.322839E+00	-2.155212E+00	3.097500E+01
1.01790000000E+04	-2.352869E+00	-2.136462E+00	3.097500E+01
1.01800000000E+04	-2.331775E+00	-2.161133E+00	3.091250E+01
1.01810000000E+04	-2.379175E+00	-2.184485E+00	3.085000E+01
1.01820000000E+04	-2.342590E+00	-2.184436E+00	3.085000E+01
1.01830000000E+04	-2.358496E+00	-2.181091E+00	3.085000E+01
1.01840000000E+04	-2.346545E+00	-2.139184E+00	3.072500E+01
1.01850000000E+04	-2.326270E+00	-2.132043E+00	3.085000E+01
1.01860000000E+04	-2.288904E+00	-2.156518E+00	3.085000E+01
1.01870000000E+04	-2.256616E+00	-2.105762E+00	3.085000E+01
1.01880000000E+04	-2.315869E+00	-2.143140E+00	3.085000E+01
1.01890000000E+04	-2.295874E+00	-2.234009E+00	3.091250E+01
1.01900000000E+04	-2.300415E+00	-2.253796E+00	3.091250E+01
1.01910000000E+04	-2.337085E+00	-2.241052E+00	3.091250E+01
1.01920000000E+04	-2.294617E+00	-2.241785E+00	3.103750E+01
1.01930000000E+04	-2.319665E+00	-2.200928E+00	3.091250E+01
1.01940000000E+04	-2.323047E+00	-2.252075E+00	3.103750E+01
1.01950000000E+04	-2.357031E+00	-2.228101E+00	3.091250E+01
1.01960000000E+04	-2.351648E+00	-2.225305E+00	3.091250E+01
1.01970000000E+04	-2.295520E+00	-2.266357E+00	3.097500E+01
1.01980000000E+04	-2.310083E+00	-2.229260E+00	3.103750E+01
1.01990000000E+04	-2.333264E+00	-2.194360E+00	3.072500E+01
1.02000000000E+04	-2.349499E+00	-2.182349E+00	3.085000E+01
1.02010000000E+04	-2.300671E+00	-2.158325E+00	3.085000E+01
1.02020000000E+04	-2.327002E+00	-2.142224E+00	3.097500E+01
1.02030000000E+04	-2.319665E+00	-2.138086E+00	3.085000E+01
1.02040000000E+04	-2.372412E+00	-2.238183E+00	3.091250E+01
1.02050000000E+04	-2.356604E+00	-2.207935E+00	3.085000E+01
1.02060000000E+04	-2.324805E+00	-2.208740E+00	3.085000E+01
1.02070000000E+04	-2.322632E+00	-2.151086E+00	3.085000E+01
1.02080000000E+04	-2.363525E+00	-2.155615E+00	3.091250E+01
1.02090000000E+04	-2.385583E+00	-2.160571E+00	3.097500E+01
1.02100000000E+04	-2.339929E+00	-2.160583E+00	3.078750E+01
1.02110000000E+04	-2.333874E+00	-2.185840E+00	3.085000E+01
1.02120000000E+04	-2.297009E+00	-2.217444E+00	3.078750E+01
1.02130000000E+04	-2.308679E+00	-2.198669E+00	3.097500E+01
1.02140000000E+04	-2.312561E+00	-2.237573E+00	3.091250E+01
1.02150000000E+04	-2.333887E+00	-2.190698E+00	3.097500E+01
1.02160000000E+04	-2.316699E+00	-2.206299E+00	3.091250E+01
1.02170000000E+04	-2.321411E+00	-2.203259E+00	3.078750E+01
1.02180000000E+04	-2.293420E+00	-2.193310E+00	3.091250E+01
1.02190000000E+04	-2.305725E+00	-2.197461E+00	3.091250E+01
1.02200000000E+04	-2.293933E+00	-2.181970E+00	3.085000E+01
1.02210000000E+04	-2.274292E+00	-2.163135E+00	3.091250E+01
1.02220000000E+04	-2.314355E+00	-2.140466E+00	3.097500E+01
1.02230000000E+04	-2.312659E+00	-2.130066E+00	3.078750E+01
1.02240000000E+04	-2.336951E+00	-2.145569E+00	3.110000E+01
1.02250000000E+04	-2.333728E+00	-2.176953E+00	3.091250E+01
1.02260000000E+04	-2.316064E+00	-2.171741E+00	3.091250E+01
1.02270000000E+04	-2.344714E+00	-2.181384E+00	3.091250E+01
1.02280000000E+04	-2.328723E+00	-2.120373E+00	3.085000E+01
1.02290000000E+04	-2.334790E+00	-2.183020E+00	3.085000E+01
1.02300000000E+04	-2.333887E+00	-2.153833E+00	3.097500E+01
1.02310000000E+04	-2.332385E+00	-2.208545E+00	3.110000E+01
1.02320000000E+04	-2.329810E+00	-2.196753E+00	3.078750E+01
1.02330000000E+04	-2.368982E+00	-2.196143E+00	3.091250E+01
1.02340000000E+04	-2.361267E+00	-2.142749E+00	3.097500E+01
1.02350000000E+04	-2.369934E+00	-2.148181E+00	3.091250E+01
1.02360000000E+04	-2.348572E+00	-2.140723E+00	3.097500E+01
1.02370000000E+04	-2.314978E+00	-2.115076E+00	3.085000E+01
1.02380000000E+04	-2.338818E+00	-2.203015E+00	3.103750E+01
1.02390000000E+04	-2.341870E+00	-2.107141E+00	3.097500E+01
1.02400000000E+04	-2.317432E+00	-2.129443E+00	3.091250E+01
1.02410000000E+04	-2.324194E+00	-2.142920E+00	3.091250E+01
1.02420000000E+04	-2.313086E+00	-2.150891E+00	3.091250E+01
1.02430000000E+04	-2.315173E+00	-2.163440E+00	3.078750E+01
1.02440000000E+04	-2.294373E+00	-2.146204E+00	3.103750E+01
1.02450000000E+04	-2.296668E+00	-2.087512E+00	3.085000E+01
1.02460000000E+04	-2.309888E+00	-2.167480E+00	3.097500E+01
1.02470000000E+04	-2.348328E+00	-2.175525E+00	3.091250E+01
1.02480000000E+04	-2.350903E+00	-2.147803E+00	3.085000E+01
1.02490000000E+04	-2.362805E+00	-2.206348E+00	3.103750E+01
1.02500000000E+04	-2.344360E+00	-2.165051E+00	3.097500E+01
1.02510000000E+04	-2.339819E+00	-2.120947E+00	3.097500E+01
1.02520000000E+04	-2.321387E+00	-2.105835E+00	3.097500E+01
1.02530000000E+04	-2.316821E+00	-2.057220E+00	3.091250E+01
1.02540000000E+04	-2.349121E+00	-2.163843E+00	3.103750E+01
1.02550000000E+04	-2.349719E+00	-2.146277E+00	3.091250E+01
1.02560000000E+04	-2.315869E+00	-2.113562E+00	3.091250E+01
1.02570000000E+04	-2.350647E+00	-2.192420E+00	3.085000E+01
1.02580000000E+04	-2.338953E+00	-2.142468E+00	3.078750E+01
1.02590000000E+04	-2.342224E+00	-2.170447E+00	3.091250E+01
1.02600000000E+04	-2.289673E+00	-2.135767E+00	3.085000E+01
1.02610000000E+04	-2.264893E+00	-2.109949E+00	3.103750E+01
1.02620000000E+04	-2.320190E+00	-2.100391E+00	3.091250E+01
1.02630000000E+04	-2.288159E+00	-2.083960E+00	3.091250E+01
1.02640000000E+04	-2.321411E+00	-2.134558E+00	3.097500E+01
1.02650000000E+04	-2.340771E+00	-2.125879E+00	3.091250E+01
1.02660000000E+04	-2.374439E+00	-2.138831E+00	3.078750E+01
1.02670000000E+04	-2.349890E+00	-2.121155E+00	3.091250E+01
1.02680000000E+04	-2.335461E+00	-2.120715E+00	3.078750E+01
1.02690000000E+04	-2.295972E+00	-2.063440E+00	3.097500E+01
1.02700000000E+04	-2.339331E+00	-2.097839E+00	3.091250E+01
1.02710000000E+04	-2.357934E+00	-2.112756E+00	3.078750E+01
1.02720000000E+04	-2.350000E+00	-2.065845E+00	3.091250E+01
1.02730000000E+04	-2.338049E+00	-2.110168E+00	3.097500E+01
1.02740000000E+04	-2.323157E+00	-2.178601E+00	3.110000E+01
1.02750000000E+04	-2.315833E+00	-2.166650E+00	3.103750E+01
1.02760000000E+04	-2.309558E+00	-2.150134E+00	3.091250E+01
1.02770000000E+04	-2.296692E+00	-2.230896E+00	3.091250E+01
1.02780000000E+04	-2.291370E+00	-2.214197E+00	3.085000E+01
1.02790000000E+04	-2.272168E+00	-2.194031E+00	3.110000E+01
1.02800000000E+04	-2.315845E+00	-2.156653E+00	3.091250E+01
1.02810000000E+04	-2.297180E+00	-2.141071E+00	3.091250E+01
1.02820000000E+04	-2.285657E+00	-2.170563E+00	3.097500E+01
1.02830000000E+04	-2.311682E+00	-2.212012E+00	3.097500E+01
1.02840000000E+04	-2.287256E+00	-2.211414E+00	3.110000E+01
1.02850000000E+04	-2.335461E+00	-2.191614E+00	3.097500E+01
1.02860000000E+04	-2.319983E+00	-2.172559E+00	3.091250E+01
1.02870000000E+04	-2.325940E+00	-2.162598E+00	3.091250E+01
1.02880000000E+04	-2.296252E+00	-2.165625E+00	3.097500E+01
1.02890000000E+04	-2.349390E+00	-2.196350E+00	3.085000E+01
1.02900000000E+04	-2.340491E+00	-2.178857E+00	3.103750E+01
1.02910000000E+04	-2.327246E+00	-2.157678E+00	3.110000E+01
1.02920000000E+04	-2.287366E+00	-2.160669E+00	3.103750E+01
1.02930000000E+04	-2.334570E+00	-2.167896E+00	3.103750E+01
1.02940000000E+04	-2.321790E+00	-2.202637E+00	3.091250E+01
1.02950000000E+04	-2.327332E+00	-2.187561E+00	3.110000E+01
1.02960000000E+04	-2.344226E+00	-2.160474E+00	3.091250E+01
1.02970000000E+04	-2.328430E+00	-2.162341E+00	3.091250E+01
1.02980000000E+04	-2.310535E+00	-2.130835E+00	3.091250E+01
1.02990000000E+04	-2.283179E+00	-2.149207E+00	3.091250E+01
1.03000000000E+04	-2.277649E+00	-2.115234E+00	3.097500E+01
1.03010000000E+04	-2.292432E+00	-2.148657E+00	3.103750E+01
1.03020000000E+04	-2.287280E+00	-2.089258E+00	3.097500E+01
1.03030000000E+04	-2.301672E+00	-2.167139E+00	3.103750E+01
1.03040000000E+04	-2.333167E+00	-2.209131E+00	3.097500E+01
1.03050000000E+04	-2.304602E+00	-2.139368E+00	3.091250E+01
1.03060000000E+04	-2.301587E+00	-2.107617E+00	3.085000E+01
1.03070000000E+04	-2.334924E+00	-2.199121E+00	3.091250E+01
1.03080000000E+04	-2.284485E+00	-2.161536E+00	3.091250E+01
1.03090000000E+04	-2.326684E+00	-2.180640E+00	3.097500E+01
1.03100000000E+04	-2.311230E+00	-2.167725E+00	3.097500E+01
1.03110000000E+04	-2.340735E+00	-2.151392E+00	3.091250E+01
1.03120000000E+04	-2.299243E+00	-2.130945E+00	3.097500E+01
1.03130000000E+04	-2.303552E+00	-2.163513E+00	3.091250E+01
1.03140000000E+04	-2.233484E+00	-2.047949E+00	3.091250E+01
1.03150000000E+04	-2.299793E+00	-2.105859E+00	3.110000E+01
1.03160000000E+04	-2.359851E+00	-2.161670E+00	3.085000E+01
1.03170000000E+04	-2.364795E+00	-2.165149E+00	3.097500E+01
1.03180000000E+04	-2.308350E+00	-2.083801E+00	3.091250E+01
1.03190000000E+04	-2.305103E+00	-2.109369E+00	3.085000E+01
1.03200000000E+04	-2.316125E+00	-2.157349E+00	3.091250E+01
1.03210000000E+04	-2.329919E+00	-2.140125E+00	3.097500E+01
1.03220000000E+04	-2.347241E+00	-2.156555E+00	3.097500E+01
1.03230000000E+04	-2.327502E+00	-2.160767E+00	3.091250E+01
1.03240000000E+04	-2.300757E+00	-2.123828E+00	3.091250E+01
1.03250000000E+04	-2.345544E+00	-2.144568E+00	3.097500E+01
1.03260000000E+04	-2.294739E+00	-2.132092E+00	3.091250E+01
1.03270000000E+04	-2.343469E+00	-2.103015E+00	3.085000E+01
1.03280000000E+04	-2.355518E+00	-2.119287E+00	3.091250E+01
1.03290000000E+04	-2.338245E+00	-2.113928E+00	3.085000E+01
1.03300000000E+04	-2.343762E+00	-2.118408E+00	3.091250E+01
1.03310000000E+04	-2.349109E+00	-2.125671E+00	3.072500E+01
1.03320000000E+04	-2.281714E+00	-2.103381E+00	3.091250E+01
1.03330000000E+04	-2.300818E+00	-2.097485E+00	3.116250E+01
1.03340000000E+04	-2.239722E+00	-2.022266E+00	3.078750E+01
1.03350000000E+04	-2.285535E+00	-2.099048E+00	3.097500E+01
1.03360000000E+04	-2.320508E+00	-2.055615E+00	3.085000E+01
1.03370000000E+04	-2.317895E+00	-2.115076E+00	3.085000E+01
1.03380000000E+04	-2.328442E+00	-2.091919E+00	3.091250E+01
1.03390000000E+04	-2.271692E+00	-2.086816E+00	3.097500E+01
1.03400000000E+04	-2.276892E+00	-2.155505E+00	3.078750E+01
1.03410000000E+04	-2.317163E+00	-2.126599E+00	3.097500E+01
1.03420000000E+04	-2.304382E+00	-2.078174E+00	3.085000E+01
1.03430000000E+04	-2.289429E+00	-2.070935E+00	3.085000E+01
1.03440000000E+04	-2.265466E+00	-2.108691E+00	3.078750E+01
1.03450000000E+04	-2.285400E+00	-2.107446E+00	3.085000E+01
1.03460000000E+04	-2.256787E+00	-2.046686E+00	3.085000E+01
1.03470000000E+04	-2.317224E+00	-2.077930E+00	3.091250E+01
1.03480000000E+04	-2.303906E+00	-2.113147E+00	3.078750E+01
1.03490000000E+04	-2.322095E+00	-2.077100E+00	3.097500E+01
1.03500000000E+04	-2.331824E+00	-2.096252E+00	3.091250E+01
1.03510000000E+04	-2.322229E+00	-2.053705E+00	3.078750E+01
1.03520000000E+04	-2.356372E+00	-2.074469E+00	3.091250E+01
1.03530000000E+04	-2.357398E+00	-2.133691E+00	3.078750E+01
1.03540000000E+04	-2.338611E+00	-2.091272E+00	3.091250E+01
1.03550000000E+04	-2.291480E+00	-2.054773E+00	3.091250E+01
1.03560000000E+04	-2.349145E+00	-2.005975E+00	3.078750E+01
1.03570000000E+04	-2.351416E+00	-2.102539E+00	3.078750E+01
1.03580000000E+04	-2.292798E+00	-2.030292E+00	3.085000E+01
1.03590000000E+04	-2.348193E+00	-2.050787E+00	3.085000E+01
1.03600000000E+04	-2.359094E+00	-2.046008E+00	3.078750E+01
1.03610000000E+04	-2.306128E+00	-1.962811E+00	3.078750E+01
1.03620000000E+04	-2.317786E+00	-2.086218E+00	3.072500E+01
1.03630000000E+04	-2.353540E+00	-2.139099E+00	3.091250E+01
1.03640000000E+04	-2.366150E+00	-2.108398E+00	3.078750E+01
1.03650000000E+04	-2.301392E+00	-2.065253E+00	3.085000E+01
1.03660000000E+04	-2.306702E+00	-2.031409E+00	3.091250E+01
1.03670000000E+04	-2.259143E+00	-2.038171E+00	3.072500E+01
1.03680000000E+04	-2.270825E+00	-2.128101E+00	3.078750E+01
1.03690000000E+04	-2.323352E+00	-2.109107E+00	3.085000E+01
1.03700000000E+04	-2.336572E+00	-2.061499E+00	3.078750E+01
1.03710000000E+04	-2.318860E+00	-2.162292E+00	3.072500E+01
1.03720000000E+04	-2.331311E+00	-2.143481E+00	3.091250E+01
1.03730000000E+04	-2.290124E+00	-2.093970E+00	3.078750E+01
1.03740000000E+04	-2.316540E+00	-2.126038E+00	3.078750E+01
1.03750000000E+04	-2.282825E+00	-2.118933E+00	3.072500E+01
1.03760000000E+04	-2.340503E+00	-2.110229E+00	3.072500E+01
1.03770000000E+04	-2.323279E+00	-2.069409E+00	3.091250E+01
1.03780000000E+04	-2.320825E+00	-2.084338E+00	3.072500E+01
1.03790000000E+04	-2.279236E+00	-2.095288E+00	3.078750E+01
1.03800000000E+04	-2.314209E+00	-2.054205E+00	3.078750E+01
1.03810000000E+04	-2.317981E+00	-2.067267E+00	3.097500E+01
1.03820000000E+04	-2.299915E+00	-2.087231E+00	3.091250E+01
1.03830000000E+04	-2.295227E+00	-2.094153E+00	3.078750E+01
1.03840000000E+04	-2.308337E+00	-2.121118E+00	3.085000E+01
1.03850000000E+04	-2.267993E+00	-2.078137E+00	3.085000E+01
1.03860000000E+04	-2.276318E+00	-2.108057E+00	3.085000E+01
1.03870000000E+04	-2.289490E+00	-2.135852E+00	3.078750E+01
1.03880000000E+04	-2.306152E+00	-2.134436E+00	3.066250E+01
1.03890000000E+04	-2.281738E+00	-2.165271E+00	3.078750E+01
1.03900000000E+04	-2.259497E+00	-2.082361E+00	3.078750E+01
1.03910000000E+04	-2.246277E+00	-2.098389E+00	3.085000E+01
1.03920000000E+04	-2.254675E+00	-2.130029E+00	3.085000E+01
1.03930000000E+04	-2.233276E+00	-2.066382E+00	3.085000E+01
1.03940000000E+04	-2.277612E+00	-2.142676E+00	3.078750E+01
1.03950000000E+04	-2.272229E+00	-2.135291E+00	3.072500E+01
1.03960000000E+04	-2.270984E+00	-2.098486E+00	3.072500E+01
1.03970000000E+04	-2.284119E+00	-2.163525E+00	3.072500E+01
1.03980000000E+04	-2.287744E+00	-2.142798E+00	3.085000E+01
1.03990000000E+04	-2.290515E+00	-2.100671E+00	3.066250E+01
1.04000000000E+04	-2.266125E+00	-2.047015E+00	3.066250E+01
1.04010000000E+04	-2.279395E+00	-2.075794E+00	3.066250E+01
1.04020000000E+04	-2.294446E+00	-2.153198E+00	3.066250E+01
1.04030000000E+04	-2.298023E+00	-2.138196E+00	3.072500E+01
1.04040000000E+04	-2.276440E+00	-2.093506E+00	3.078750E+01
1.04050000000E+04	-2.285413E+00	-2.095801E+00	3.078750E+01
1.04060000000E+04	-2.295068E+00	-2.118030E+00	3.060000E+01
1.04070000000E+04	-2.286975E+00	-2.067529E+00	3.066250E+01
1.04080000000E+04	-2.263916E+00	-2.082324E+00	3.072500E+01
1.04090000000E+04	-2.296082E+00	-2.097546E+00	3.060000E+01
1.04100000000E+04	-2.255029E+00	-2.133887E+00	3.078750E+01
1.04110000000E+04	-2.224036E+00	-2.088550E+00	3.072500E+01
1.04120000000E+04	-2.206897E+00	-2.111060E+00	3.085000E+01
1.04130000000E+04	-2.233801E+00	-2.150403E+00	3.066250E+01
1.04140000000E+04	-2.271790E+00	-2.160254E+00	3.072500E+01
1.04150000000E+04	-2.286816E+00	-2.143054E+00	3.078750E+01
1.04160000000E+04	-2.248682E+00	-2.167383E+00	3.072500E+01
1.04170000000E+04	-2.244971E+00	-2.172791E+00	3.085000E+01
1.04180000000E+04	-2.251184E+00	-2.183350E+00	3.072500E+01
1.04190000000E+04	-2.238367E+00	-2.166955E+00	3.072500E+01
1.04200000000E+04	-2.271484E+00	-2.176013E+00	3.066250E+01
1.04210000000E+04	-2.277869E+00	-2.183960E+00	3.072500E+01
1.04220000000E+04	-2.287708E+00	-2.156811E+00	3.066250E+01
1.04230000000E+04	-2.254907E+00	-2.148071E+00	3.066250E+01
1.04240000000E+04	-2.293579E+00	-2.140991E+00	3.072500E+01
1.04250000000E+04	-2.250561E+00	-2.081055E+00	3.085000E+01
1.04260000000E+04	-2.294373E+00	-2.186328E+00	3.078750E+01
1.04270000000E+04	-2.264990E+00	-2.159302E+00	3.066250E+01
1.04280000000E+04	-2.215381E+00	-2.097168E+00	3.078750E+01
1.04290000000E+04	-2.240698E+00	-2.094171E+00	3.066250E+01
1.04300000000E+04	-2.259180E+00	-2.054028E+00	3.060000E+01
1.04310000000E+04	-2.270667E+00	-2.071723E+00	3.078750E+01
1.04320000000E+04	-2.247888E+00	-2.037103E+00	3.072500E+01
1.04330000000E+04	-2.248865E+00	-2.004303E+00	3.072500E+01
1.04340000000E+04	-2.251086E+00	-2.078632E+00	3.078750E+01
1.04350000000E+04	-2.190894E+00	-2.057275E+00	3.072500E+01
1.04360000000E+04	-2.253577E+00	-2.015210E+00	3.060000E+01
1.04370000000E+04	-2.274329E+00	-2.067163E+00	3.072500E+01
1.04380000000E+04	-2.251929E+00	-2.063660E+00	3.078750E+01
1.04390000000E+04	-2.241382E+00	-2.006732E+00	3.066250E+01
1.04400000000E+04	-2.233618E+00	-2.085571E+00	3.060000E+01
1.04410000000E+04	-2.236951E+00	-2.049262E+00	3.085000E+01
1.04420000000E+04	-2.265601E+00	-2.148022E+00	3.078750E+01
1.04430000000E+04	-2.247607E+00	-2.195715E+00	3.072500E+01
1.04440000000E+04	-2.242908E+00	-2.207227E+00	3.066250E+01
1.04450000000E+04	-2.287793E+00	-2.232019E+00	3.060000E+01
1.04460000000E+04	-2.214514E+00	-2.175806E+00	3.078750E+01
1.04470000000E+04	-2.193152E+00	-2.159583E+00	3.066250E+01
1.04480000000E+04	-2.316345E+00	-2.227087E+00	3.066250E+01
1.04490000000E+04	-2.293677E+00	-2.198511E+00	3.078750E+01
1.04500000000E+04	-2.285290E+00	-2.195435E+00	3.078750E+01
1.04510000000E+04	-2.252942E+00	-2.198633E+00	3.085000E+01
1.04520000000E+04	-2.269019E+00	-2.199146E+00	3.085000E+01
1.04530000000E+04	-2.276196E+00	-2.144238E+00	3.072500E+01
1.04540000000E+04	-2.271277E+00	-2.198108E+00	3.072500E+01
1.04550000000E+04	-2.285376E+00	-2.217786E+00	3.060000E+01
1.04560000000E+04	-2.271204E+00	-2.174084E+00	3.078750E+01
1.04570000000E+04	-2.251294E+00	-2.138000E+00	3.072500E+01
1.04580000000E+04	-2.241309E+00	-2.134729E+00	3.066250E+01
1.04590000000E+04	-2.239185E+00	-2.165833E+00	3.072500E+01
1.04600000000E+04	-2.209839E+00	-2.042285E+00	3.078750E+01
1.04610000000E+04	-2.257007E+00	-2.179346E+00	3.078750E+01
1.04620000000E+04	-2.218701E+00	-2.149768E+00	3.078750E+01
1.04630000000E+04	-2.230432E+00	-2.125793E+00	3.078750E+01
1.04640000000E+04	-2.245789E+00	-2.121082E+00	3.078750E+01
1.04650000000E+04	-2.286645E+00	-2.102942E+00	3.072500E+01
1.04660000000E+04	-2.276392E+00	-2.081787E+00	3.072500E+01
1.04670000000E+04	-2.285010E+00	-2.174597E+00	3.078750E+01
1.04680000000E+04	-2.248023E+00	-2.012543E+00	3.066250E+01
1.04690000000E+04	-2.218628E+00	-2.045654E+00	3.072500E+01
1.04700000000E+04	-2.271582E+00	-2.081397E+00	3.072500E+01
1.04710000000E+04	-2.249622E+00	-1.983453E+00	3.072500E+01
1.04720000000E+04	-2.256458E+00	-2.101367E+00	3.085000E+01
1.04730000000E+04	-2.279480E+00	-2.085583E+00	3.078750E+01
1.04740000000E+04	-2.259216E+00	-2.069196E+00	3.078750E+01
1.04750000000E+04	-2.208472E+00	-1.951599E+00	3.085000E+01
1.04760000000E+04	-2.259119E+00	-2.089789E+00	3.085000E+01
1.04770000000E+04	-2.251221E+00	-2.068726E+00	3.078750E+01
1.04780000000E+04	-2.191443E+00	-2.014966E+00	3.072500E+01
1.04790000000E+04	-2.205115E+00	-2.034076E+00	3.085000E+01
1.04800000000E+04	-2.195203E+00	-2.065247E+00	3.072500E+01
1.04810000000E+04	-2.224878E+00	-2.059839E+00	3.066250E+01
1.04820000000E+04	-2.198889E+00	-2.045227E+00	3.097500E+01
1.04830000000E+04	-2.200305E+00	-2.049341E+00	3.072500E+01
1.04840000000E+04	-2.218225E+00	-2.071381E+00	3.060000E+01
1.04850000000E+04	-2.248718E+00	-2.099976E+00	3.072500E+01
1.04860000000E+04	-2.239038E+00	-2.112659E+00	3.066250E+01
1.04870000000E+04	-2.224036E+00	-2.122937E+00	3.078750E+01
1.04880000000E+04	-2.232288E+00	-2.154273E+00	3.091250E+01
1.04890000000E+04	-2.188879E+00	-2.106238E+00	3.072500E+01
1.04900000000E+04	-2.228858E+00	-2.129395E+00	3.085000E+01
1.04910000000E+04	-2.251916E+00	-2.132861E+00	3.072500E+01
1.04920000000E+04	-2.239392E+00	-2.127673E+00	3.091250E+01
1.04930000000E+04	-2.180933E+00	-2.017249E+00	3.072500E+01
1.04940000000E+04	-2.238306E+00	-2.046661E+00	3.085000E+01
1.04950000000E+04	-2.283789E+00	-2.165466E+00	3.078750E+01
1.04960000000E+04	-2.262012E+00	-2.168909E+00	3.078750E+01
1.04970000000E+04	-2.241333E+00	-2.103833E+00	3.085000E+01
1.04980000000E+04	-2.282324E+00	-2.200391E+00	3.072500E+01
1.04990000000E+04	-2.240173E+00	-2.096484E+00	3.078750E+01
1.05000000000E+04	-2.275012E+00	-2.059998E+00	3.085000E+01
1.05010000000E+04	-2.286938E+00	-2.106323E+00	3.072500E+01
1.05020000000E+04	-2.277197E+00	-2.073193E+00	3.066250E+01
1.05030000000E+04	-2.284863E+00	-2.117419E+00	3.072500E+01
1.05040000000E+04	-2.278967E+00	-2.140588E+00	3.078750E+01
1.05050000000E+04	-2.263867E+00	-2.097241E+00	3.060000E+01
1.05060000000E+04	-2.270020E+00	-2.115393E+00	3.085000E+01
1.05070000000E+04	-2.279968E+00	-2.104394E+00	3.072500E+01
1.05080000000E+04	-2.291077E+00	-2.084692E+00	3.072500E+01
1.05090000000E+04	-2.273950E+00	-2.102356E+00	3.066250E+01
1.05100000000E+04	-2.278271E+00	-2.074695E+00	3.072500E+01
1.05110000000E+04	-2.229407E+00	-2.110474E+00	3.072500E+01
1.05120000000E+04	-2.254639E+00	-2.116467E+00	3.078750E+01
1.05130000000E+04	-2.260339E+00	-2.160144E+00	3.091250E+01
1.05140000000E+04	-2.241760E+00	-2.091712E+00	3.078750E+01
1.05150000000E+04	-2.250659E+00	-2.140686E+00	3.072500E+01
1.05160000000E+04	-2.231665E+00	-2.076483E+00	3.066250E+01
1.05170000000E+04	-2.252905E+00	-2.044037E+00	3.066250E+01
1.05180000000E+04	-2.259253E+00	-2.071204E+00	3.091250E+01
1.05190000000E+04	-2.250391E+00	-2.076233E+00	3.085000E+01
1.05200000000E+04	-2.246179E+00	-2.075220E+00	3.078750E+01
1.05210000000E+04	-2.289246E+00	-2.112732E+00	3.072500E+01
1.05220000000E+04	-2.279834E+00	-2.066077E+00	3.072500E+01
1.05230000000E+04	-2.283142E+00	-2.133569E+00	3.072500E+01
1.05240000000E+04	-2.253491E+00	-2.049365E+00	3.072500E+01
1.05250000000E+04	-2.223706E+00	-2.001453E+00	3.072500E+01
1.05260000000E+04	-2.263965E+00	-2.048187E+00	3.072500E+01
1.05270000000E+04	-2.249280E+00	-2.056140E+00	3.060000E+01
1.05280000000E+04	-2.278784E+00	-2.064014E+00	3.072500E+01
1.05290000000E+04	-2.280444E+00	-2.073120E+00	3.078750E+01
1.05300000000E+04	-2.283984E+00	-2.102649E+00	3.085000E+01
1.05310000000E+04	-2.235657E+00	-2.137927E+00	3.060000E+01
1.05320000000E+04	-2.274292E+00	-2.157129E+00	3.072500E+01
1.05330000000E+04	-2.234412E+00	-2.171838E+00	3.072500E+01
1.05340000000E+04	-2.285559E+00	-2.196655E+00	3.085000E+01
1.05350000000E+04	-2.239258E+00	-2.163574E+00	3.066250E+01
1.05360000000E+04	-2.199048E+00	-2.143433E+00	3.060000E+01
1.05370000000E+04	-2.236975E+00	-2.176611E+00	3.078750E+01
1.05380000000E+04	-2.248145E+00	-2.171607E+00	3.066250E+01
1.05390000000E+04	-2.248694E+00	-2.113782E+00	3.091250E+01
1.05400000000E+04	-2.239246E+00	-2.087897E+00	3.078750E+01
1.05410000000E+04	-2.259106E+00	-2.147510E+00	3.066250E+01
1.05420000000E+04	-2.225354E+00	-2.064758E+00	3.085000E+01
1.05430000000E+04	-2.267615E+00	-2.129157E+00	3.085000E+01
1.05440000000E+04	-2.257336E+00	-2.087585E+00	3.066250E+01
1.05450000000E+04	-2.275085E+00	-2.105872E+00	3.072500E+01
1.05460000000E+04	-2.250867E+00	-2.080261E+00	3.085000E+01
1.05470000000E+04	-2.285852E+00	-2.145398E+00	3.066250E+01
1.05480000000E+04	-2.281970E+00	-2.109168E+00	3.085000E+01
1.05490000000E+04	-2.264600E+00	-2.067444E+00	3.078750E+01
1.05500000000E+04	-2.289783E+00	-2.094263E+00	3.072500E+01
1.05510000000E+04	-2.284485E+00	-2.033496E+00	3.072500E+01
1.05520000000E+04	-2.238586E+00	-2.085046E+00	3.085000E+01
1.05530000000E+04	-2.246326E+00	-2.025977E+00	3.097500E+01
1.05540000000E+04	-2.272986E+00	-2.121728E+00	3.085000E+01
1.05550000000E+04	-2.293115E+00	-2.129199E+00	3.078750E+01
1.05560000000E+04	-2.272583E+00	-2.054498E+00	3.072500E+01
1.05570000000E+04	-2.261694E+00	-2.086816E+00	3.078750E+01
1.05580000000E+04	-2.281299E+00	-2.072339E+00	3.078750E+01
1.05590000000E+04	-2.252148E+00	-2.032837E+00	3.085000E+01
1.05600000000E+04	-2.276245E+00	-2.067871E+00	3.085000E+01
1.05610000000E+04	-2.268005E+00	-1.982251E+00	3.091250E+01
1.05620000000E+04	-2.254211E+00	-2.102393E+00	3.085000E+01
1.05630000000E+04	-2.248828E+00	-2.079431E+00	3.078750E+01
1.05640000000E+04	-2.269226E+00	-2.044031E+00	3.085000E+01
1.05650000000E+04	-2.297913E+00	-2.072205E+00	3.072500E+01
1.05660000000E+04	-2.255395E+00	-2.034692E+00	3.085000E+01
1.05670000000E+04	-2.266650E+00	-2.062707E+00	3.085000E+01
1.05680000000E+04	-2.239685E+00	-2.061670E+00	3.085000E+01
1.05690000000E+04	-2.216821E+00	-2.021619E+00	3.078750E+01
1.05700000000E+04	-2.226709E+00	-2.021448E+00	3.085000E+01
1.05710000000E+04	-2.236792E+00	-2.031836E+00	3.085000E+01
1.05720000000E+04	-2.234314E+00	-2.008069E+00	3.072500E+01
1.05730000000E+04	-2.252734E+00	-2.033600E+00	3.078750E+01
1.05740000000E+04	-2.232764E+00	-2.014160E+00	3.072500E+01
1.05750000000E+04	-2.234656E+00	-1.966772E+00	3.060000E+01
1.05760000000E+04	-2.212769E+00	-1.953473E+00	3.072500E+01
1.05770000000E+04	-2.264294E+00	-2.066467E+00	3.091250E+01
1.05780000000E+04	-2.250232E+00	-2.007849E+00	3.091250E+01
1.05790000000E+04	-2.228125E+00	-1.992328E+00	3.072500E+01
1.05800000000E+04	-2.252551E+00	-2.002692E+00	3.072500E+01
1.05810000000E+04	-2.254700E+00	-2.013641E+00	3.085000E+01
1.05820000000E+04	-2.257422E+00	-1.991071E+00	3.072500E+01
1.05830000000E+04	-2.229443E+00	-1.940228E+00	3.085000E+01
1.05840000000E+04	-2.219409E+00	-1.993701E+00	3.072500E+01
1.05850000000E+04	-2.265149E+00	-2.122937E+00	3.072500E+01
1.05860000000E+04	-2.217346E+00	-2.147632E+00	3.066250E+01
1.05870000000E+04	-2.257239E+00	-2.069360E+00	3.066250E+01
1.05880000000E+04	-2.265918E+00	-2.102746E+00	3.066250E+01
1.05890000000E+04	-2.226697E+00	-2.101135E+00	3.072500E+01
1.05900000000E+04	-2.216638E+00	-2.095947E+00	3.072500E+01
1.05910000000E+04	-2.227112E+00	-2.115967E+00	3.072500E+01
1.05920000000E+04	-2.195715E+00	-2.037445E+00	3.066250E+01
1.05930000000E+04	-2.233984E+00	-2.053870E+00	3.072500E+01
1.05940000000E+04	-2.217346E+00	-2.108887E+00	3.066250E+01
1.05950000000E+04	-2.269836E+00	-2.117468E+00	3.072500E+01
1.05960000000E+04	-2.235840E+00	-2.102832E+00	3.066250E+01
1.05970000000E+04	-2.251807E+00	-2.097192E+00	3.072500E+01
1.05980000000E+04	-2.241748E+00	-2.097205E+00	3.053750E+01
1.05990000000E+04	-2.250000E+00	-2.071448E+00	3.066250E+01
1.06000000000E+04	-2.239343E+00	-2.049652E+00	3.053750E+01
1.06010000000E+04	-2.226282E+00	-2.088373E+00	3.066250E+01
1.06020000000E+04	-2.267810E+00	-2.057129E+00	3.072500E+01
1.06030000000E+04	-2.263855E+00	-2.070868E+00	3.066250E+01
1.06040000000E+04	-2.256152E+00	-2.107410E+00	3.072500E+01
1.06050000000E+04	-2.241907E+00	-2.083545E+00	3.060000E+01
1.06060000000E+04	-2.253406E+00	-2.090442E+00	3.066250E+01
1.06070000000E+04	-2.220752E+00	-2.031415E+00	3.072500E+01
1.06080000000E+04	-2.260449E+00	-2.041638E+00	3.072500E+01
1.06090000000E+04	-2.227966E+00	-2.054858E+00	3.072500E+01
1.06100000000E+04	-2.259167E+00	-2.031494E+00	3.066250E+01
1.06110000000E+04	-2.233374E+00	-2.086169E+00	3.078750E+01
1.06120000000E+04	-2.263709E+00	-2.069495E+00	3.066250E+01
1.06130000000E+04	-2.273450E+00	-2.009302E+00	3.072500E+01
1.06140000000E+04	-2.267895E+00	-2.023560E+00	3.060000E+01
1.06150000000E+04	-2.257776E+00	-2.078638E+00	3.078750E+01
1.06160000000E+04	-2.254407E+00	-2.062482E+00	3.047500E+01
1.06170000000E+04	-2.247754E+00	-2.039880E+00	3.060000E+01
1.06180000000E+04	-2.247510E+00	-2.060449E+00	3.072500E+01
1.06190000000E+04	-2.232837E+00	-2.088184E+00	3.060000E+01
1.06200000000E+04	-2.213147E+00	-2.113074E+00	3.072500E+01
1.06210000000E+04	-2.227307E+00	-2.056805E+00	3.072500E+01
1.06220000000E+04	-2.269958E+00	-2.206897E+00	3.060000E+01
1.06230000000E+04	-2.238000E+00	-2.091754E+00	3.066250E+01
1.06240000000E+04	-2.234399E+00	-2.132263E+00	3.066250E+01
1.06250000000E+04	-2.207544E+00	-2.063367E+00	3.060000E+01
1.06260000000E+04	-2.198352E+00	-2.088452E+00	3.072500E+01
1.06270000000E+04	-2.281250E+00	-2.102844E+00	3.060000E+01
1.06280000000E+04	-2.206055E+00	-2.064014E+00	3.053750E+01
1.06290000000E+04	-2.282312E+00	-2.161401E+00	3.047500E+01
1.06300000000E+04	-2.265588E+00	-2.081592E+00	3.066250E+01
1.06310000000E+04	-2.250952E+00	-2.110889E+00	3.060000E+01
1.06320000000E+04	-2.238061E+00	-2.076636E+00	3.047500E+01
1.06330000000E+04	-2.270850E+00	-2.077429E+00	3.053750E+01
1.06340000000E+04	-2.231543E+00	-2.115234E+00	3.053750E+01
1.06350000000E+04	-2.227844E+00	-2.037744E+00	3.060000E+01
1.06360000000E+04	-2.253162E+00	-2.017621E+00	3.060000E+01
1.06370000000E+04	-2.286255E+00	-2.108105E+00	3.066250E+01
1.06380000000E+04	-2.289551E+00	-2.150769E+00	3.060000E+01
1.06390000000E+04	-2.269141E+00	-2.037830E+00	3.060000E+01
1.06400000000E+04	-2.216785E+00	-1.987274E+00	3.060000E+01
1.06410000000E+04	-2.241687E+00	-2.103479E+00	3.053750E+01
1.06420000000E+04	-2.233887E+00	-2.048798E+00	3.053750E+01
1.06430000000E+04	-2.223181E+00	-2.022986E+00	3.053750E+01
1.06440000000E+04	-2.216052E+00	-2.059363E+00	3.060000E+01
1.06450000000E+04	-2.258643E+00	-2.135779E+00	3.053750E+01
1.06460000000E+04	-2.229748E+00	-2.099658E+00	3.066250E+01
1.06470000000E+04	-2.246057E+00	-2.179517E+00	3.060000E+01
1.06480000000E+04	-2.251636E+00	-2.166235E+00	3.053750E+01
1.06490000000E+04	-2.222668E+00	-2.145728E+00	3.060000E+01
1.06500000000E+04	-2.212622E+00	-2.160413E+00	3.066250E+01
1.06510000000E+04	-2.226831E+00	-2.126563E+00	3.072500E+01
1.06520000000E+04	-2.250635E+00	-2.129492E+00	3.060000E+01
1.06530000000E+04	-2.269910E+00	-2.120129E+00	3.060000E+01
1.06540000000E+04	-2.253833E+00	-2.135522E+00	3.053750E+01
1.06550000000E+04	-2.261182E+00	-2.040375E+00	3.053750E+01
1.06560000000E+04	-2.268591E+00	-2.080151E+00	3.047500E+01
1.06570000000E+04	-2.285254E+00	-2.140613E+00	3.066250E+01
1.06580000000E+04	-2.263709E+00	-2.058661E+00	3.072500E+01
1.06590000000E+04	-2.238061E+00	-2.106152E+00	3.060000E+01
1.06600000000E+04	-2.234656E+00	-2.047626E+00	3.060000E+01
1.06610000000E+04	-2.219348E+00	-2.100452E+00	3.047500E+01
1.06620000000E+04	-2.194177E+00	-2.055566E+00	3.053750E+01
1.06630000000E+04	-2.183484E+00	-2.078564E+00	3.060000E+01
1.06640000000E+04	-2.258545E+00	-2.024152E+00	3.060000E+01
1.06650000000E+04	-2.261157E+00	-2.075781E+00	3.066250E+01
1.06660000000E+04	-2.279382E+00	-2.081665E+00	3.060000E+01
1.06670000000E+04	-2.255945E+00	-2.113477E+00	3.053750E+01
1.06680000000E+04	-2.259937E+00	-2.087646E+00	3.066250E+01
1.06690000000E+04	-2.223987E+00	-2.051361E+00	3.066250E+01
1.06700000000E+04	-2.211548E+00	-2.019147E+00	3.072500E+01
1.06710000000E+04	-2.255139E+00	-2.084876E+00	3.066250E+01
1.06720000000E+04	-2.227515E+00	-2.088098E+00	3.047500E+01
1.06730000000E+04	-2.253198E+00	-2.140503E+00	3.022500E+01
1.06740000000E+04	-2.265112E+00	-2.118310E+00	3.028750E+01
1.06750000000E+04	-2.255957E+00	-2.090271E+00	3.028750E+01
1.06760000000E+04	-2.288232E+00	-2.063184E+00	3.035000E+01
1.06770000000E+04	-2.298035E+00	-2.065186E+00	3.028750E+01
1.06780000000E+04	-2.240625E+00	-2.068115E+00	3.022500E+01
1.06790000000E+04	-2.263525E+00	-2.040851E+00	3.028750E+01
1.06800000000E+04	-2.281665E+00	-2.033441E+00	3.047500E+01
1.06810000000E+04	-2.242505E+00	-2.050208E+00	3.016250E+01
1.06820000000E+04	-2.257519E+00	-2.070435E+00	3.016250E+01
1.06830000000E+04	-2.290527E+00	-2.054016E+00	3.022500E+01
1.06840000000E+04	-2.250476E+00	-2.002466E+00	3.022500E+01
1.06850000000E+04	-2.216089E+00	-2.068457E+00	3.022500E+01
1.06860000000E+04	-2.268018E+00	-2.033362E+00	3.016250E+01
1.06870000000E+04	-2.274390E+00	-2.106982E+00	3.035000E+01
1.06880000000E+04	-2.268555E+00	-2.065711E+00	3.028750E+01
1.06890000000E+04	-2.217993E+00	-1.985815E+00	3.028750E+01
1.06900000000E+04	-2.257568E+00	-2.029517E+00	3.041250E+01
1.06910000000E+04	-2.215100E+00	-2.031995E+00	3.022500E+01
1.06920000000E+04	-2.205054E+00	-2.060834E+00	3.022500E+01
1.06930000000E+04	-2.245447E+00	-2.026031E+00	3.028750E+01
1.06940000000E+04	-2.232605E+00	-2.015747E+00	3.016250E+01
1.06950000000E+04	-2.234790E+00	-2.020306E+00	3.028750E+01
1.06960000000E+04	-2.214734E+00	-2.052454E+00	3.022500E+01
1.06970000000E+04	-2.229260E+00	-2.024170E+00	3.047500E+01
1.06980000000E+04	-2.215832E+00	-2.043884E+00	3.022500E+01
1.06990000000E+04	-2.197461E+00	-2.020221E+00	3.022500E+01
1.07000000000E+04	-2.263428E+00	-2.074542E+00	3.035000E+01
1.07010000000E+04	-2.207825E+00	-2.055994E+00	3.028750E+01
1.07020000000E+04	-2.267810E+00	-2.088684E+00	3.028750E+01
1.07030000000E+04	-2.249158E+00	-2.052917E+00	3.041250E+01
1.07040000000E+04	-2.241650E+00	-2.108997E+00	3.041250E+01
1.07050000000E+04	-2.230396E+00	-2.046411E+00	3.028750E+01
1.07060000000E+04	-2.245435E+00	-2.069434E+00	3.016250E+01
1.07070000000E+04	-2.214880E+00	-2.083106E+00	3.035000E+01
1.07080000000E+04	-2.281152E+00	-2.056812E+00	3.035000E+01
1.07090000000E+04	-2.267773E+00	-2.120203E+00	3.016250E+01
1.07100000000E+04	-2.285535E+00	-2.113098E+00	3.028750E+01
1.07110000000E+04	-2.284363E+00	-2.090759E+00	3.041250E+01
1.07120000000E+04	-2.272205E+00	-2.130237E+00	3.035000E+01
1.07130000000E+04	-2.237732E+00	-2.038922E+00	3.028750E+01
1.07140000000E+04	-2.272376E+00	-2.036578E+00	3.022500E+01
1.07150000000E+04	-2.262573E+00	-2.096900E+00	3.028750E+01
1.07160000000E+04	-2.228125E+00	-2.062707E+00	3.028750E+01
1.07170000000E+04	-2.248791E+00	-2.047504E+00	3.035000E+01
1.07180000000E+04	-2.190430E+00	-2.013159E+00	3.047500E+01
1.07190000000E+04	-2.183289E+00	-1.995990E+00	3.047500E+01
1.07200000000E+04	-2.209558E+00	-2.074536E+00	3.035000E+01
1.07210000000E+04	-2.236877E+00	-2.043542E+00	3.035000E+01
1.07220000000E+04	-2.257178E+00	-2.045434E+00	3.028750E+01
1.07230000000E+04	-2.214404E+00	-2.043323E+00	3.028750E+01
1.07240000000E+04	-2.211951E+00	-1.992267E+00	3.035000E+01
1.07250000000E+04	-2.250769E+00	-2.058136E+00	3.022500E+01
1.07260000000E+04	-2.243530E+00	-1.974689E+00	3.035000E+01
1.07270000000E+04	-2.243445E+00	-1.982013E+00	3.028750E+01
1.07280000000E+04	-2.264966E+00	-2.075916E+00	3.041250E+01
1.07290000000E+04	-2.217664E+00	-1.979956E+00	3.047500E+01
1.07300000000E+04	-2.217993E+00	-2.039966E+00	3.022500E+01
1.07310000000E+04	-2.217554E+00	-2.017584E+00	3.022500E+01
1.07320000000E+04	-2.223767E+00	-1.957349E+00	3.022500E+01
1.07330000000E+04	-2.195068E+00	-2.002887E+00	3.028750E+01
1.07340000000E+04	-2.225879E+00	-2.018426E+00	3.022500E+01
1.07350000000E+04	-2.230212E+00	-1.997089E+00	3.022500E+01
1.07360000000E+04	-2.243005E+00	-1.975537E+00	3.022500E+01
1.07370000000E+04	-2.171594E+00	-1.987347E+00	3.028750E+01
1.07380000000E+04	-2.225488E+00	-1.990082E+00	3.022500E+01
1.07390000000E+04	-2.255688E+00	-2.008289E+00	3.035000E+01
1.07400000000E+04	-2.243298E+00	-1.989807E+00	3.035000E+01
1.07410000000E+04	-2.229504E+00	-2.012305E+00	3.028750E+01
1.07420000000E+04	-2.235974E+00	-2.048621E+00	3.035000E+01
1.07430000000E+04	-2.264001E+00	-2.141699E+00	3.035000E+01
1.07440000000E+04	-2.208008E+00	-2.153027E+00	3.041250E+01
1.07450000000E+04	-2.278687E+00	-2.144971E+00	3.016250E+01
1.07460000000E+04	-2.253625E+00	-2.080023E+00	3.035000E+01
1.07470000000E+04	-2.193933E+00	-2.053741E+00	3.028750E+01
1.07480000000E+04	-2.195056E+00	-2.111548E+00	3.022500E+01
1.07490000000E+04	-2.204443E+00	-2.097412E+00	3.035000E+01
1.07500000000E+04	-2.221912E+00	-2.102405E+00	3.016250E+01
1.07510000000E+04	-2.244800E+00	-2.099658E+00	3.041250E+01
1.07520000000E+04	-2.241956E+00	-2.110223E+00	3.035000E+01
1.07530000000E+04	-2.264380E+00	-2.095630E+00	3.041250E+01
1.07540000000E+04	-2.214123E+00	-1.943018E+00	3.028750E+01
1.07550000000E+04	-2.247815E+00	-2.125574E+00	3.035000E+01
1.07560000000E+04	-2.209180E+00	-2.076367E+00	3.028750E+01
1.07570000000E+04	-2.177612E+00	-2.044019E+00	3.028750E+01
1.07580000000E+04	-2.238611E+00	-2.068073E+00	3.035000E+01
1.07590000000E+04	-2.185205E+00	-2.043732E+00	3.047500E+01
1.07600000000E+04	-2.211926E+00	-2.059399E+00	3.035000E+01
1.07610000000E+04	-2.236731E+00	-2.013855E+00	3.041250E+01
1.07620000000E+04	-2.244251E+00	-2.007849E+00	3.035000E+01
1.07630000000E+04	-2.264172E+00	-2.021039E+00	3.028750E+01
1.07640000000E+04	-2.282520E+00	-1.985693E+00	3.041250E+01
1.07650000000E+04	-2.272046E+00	-2.024799E+00	3.047500E+01
1.07660000000E+04	-2.263818E+00	-2.020410E+00	3.035000E+01
1.07670000000E+04	-2.257727E+00	-2.044690E+00	3.022500E+01
1.07680000000E+04	-2.212976E+00	-1.962085E+00	3.028750E+01
1.07690000000E+04	-2.209656E+00	-1.948755E+00	3.022500E+01
1.07700000000E+04	-2.233582E+00	-2.079858E+00	3.047500E+01
1.07710000000E+04	-2.223633E+00	-2.049182E+00	3.028750E+01
1.07720000000E+04	-2.228271E+00	-2.059094E+00	3.041250E+01
1.07730000000E+04	-2.232837E+00	-2.022449E+00	3.041250E+01
1.07740000000E+04	-2.244702E+00	-2.050214E+00	3.028750E+01
1.07750000000E+04	-2.193701E+00	-2.017279E+00	3.028750E+01
1.07760000000E+04	-2.217969E+00	-2.035260E+00	3.022500E+01
1.07770000000E+04	-2.222852E+00	-2.036884E+00	3.047500E+01
1.07780000000E+04	-2.199536E+00	-1.955731E+00	3.028750E+01
1.07790000000E+04	-2.218591E+00	-2.010687E+00	3.041250E+01
1.07800000000E+04	-2.199914E+00	-2.007550E+00	3.028750E+01
1.07810000000E+04	-2.204956E+00	-1.961993E+00	3.035000E+01
1.07820000000E+04	-2.200525E+00	-2.032403E+00	3.022500E+01
1.07830000000E+04	-2.187817E+00	-1.991211E+00	3.035000E+01
1.07840000000E+04	-2.216809E+00	-1.986591E+00	3.035000E+01
1.07850000000E+04	-2.177307E+00	-1.983814E+00	3.041250E+01
1.07860000000E+04	-2.239966E+00	-2.066882E+00	3.028750E+01
1.07870000000E+04	-2.227502E+00	-2.025146E+00	3.028750E+01
1.07880000000E+04	-2.206299E+00	-2.001209E+00	3.035000E+01
1.07890000000E+04	-2.196667E+00	-1.994488E+00	3.028750E+01
1.07900000000E+04	-2.241187E+00	-2.033990E+00	3.022500E+01
1.07910000000E+04	-2.218335E+00	-2.006409E+00	3.035000E+01
1.07920000000E+04	-2.222217E+00	-2.001538E+00	3.028750E+01
1.07930000000E+04	-2.268738E+00	-2.014624E+00	3.041250E+01
1.07940000000E+04	-2.279224E+00	-2.007306E+00	3.022500E+01
1.07950000000E+04	-2.261829E+00	-1.996509E+00	3.028750E+01
1.07960000000E+04	-2.257715E+00	-1.989691E+00	3.041250E+01
1.07970000000E+04	-2.270642E+00	-2.070129E+00	3.028750E+01
1.07980000000E+04	-2.231897E+00	-2.101782E+00	3.028750E+01
1.07990000000E+04	-2.270203E+00	-2.106860E+00	3.028750E+01
1.08000000000E+04	-2.202271E+00	-2.063196E+00	3.028750E+01
1.08010000000E+04	-2.233594E+00	-2.046881E+00	3.041250E+01
1.08020000000E+04	-2.244141E+00	-2.111352E+00	3.047500E+01
1.08030000000E+04	-2.260181E+00	-2.098450E+00	3.028750E+01
1.08040000000E+04	-2.232483E+00	-2.059692E+00	3.047500E+01
1.08050000000E+04	-2.229871E+00	-2.082642E+00	3.028750E+01
1.08060000000E+04	-2.267651E+00	-2.163074E+00	3.028750E+01
1.08070000000E+04	-2.251782E+00	-2.074378E+00	3.035000E+01
1.08080000000E+04	-2.254492E+00	-2.071570E+00	3.035000E+01
1.08090000000E+04	-2.192664E+00	-2.089954E+00	3.028750E+01
1.08100000000E+04	-2.220642E+00	-2.094641E+00	3.041250E+01
1.08110000000E+04	-2.239636E+00	-2.081750E+00	3.047500E+01
1.08120000000E+04	-2.237439E+00	-2.107068E+00	3.047500E+01
1.08130000000E+04	-2.221081E+00	-2.075647E+00	3.053750E+01
1.08140000000E+04	-2.212415E+00	-2.081397E+00	3.016250E+01
1.08150000000E+04	-2.194385E+00	-2.040576E+00	3.041250E+01
1.08160000000E+04	-2.236804E+00	-2.064954E+00	3.028750E+01
1.08170000000E+04	-2.232373E+00	-2.059564E+00	3.047500E+01
1.08180000000E+04	-2.237732E+00	-2.074707E+00	3.035000E+01
1.08190000000E+04	-2.208069E+00	-2.051923E+00	3.041250E+01
1.08200000000E+04	-2.222375E+00	-2.004675E+00	3.022500E+01
1.08210000000E+04	-2.203442E+00	-2.016840E+00	3.035000E+01
1.08220000000E+04	-2.232739E+00	-2.083813E+00	3.028750E+01
1.08230000000E+04	-2.232788E+00	-2.044049E+00	3.041250E+01
1.08240000000E+04	-2.246875E+00	-2.031940E+00	3.028750E+01
1.08250000000E+04	-2.237878E+00	-2.044336E+00	3.041250E+01
1.08260000000E+04	-2.248987E+00	-2.028406E+00	3.028750E+01
1.08270000000E+04	-2.244873E+00	-2.082813E+00	3.028750E+01
1.08280000000E+04	-2.238599E+00	-2.009705E+00	3.041250E+01
1.08290000000E+04	-2.229272E+00	-1.964545E+00	3.028750E+01
1.08300000000E+04	-2.214307E+00	-1.987018E+00	3.035000E+01
1.08310000000E+04	-2.248877E+00	-2.030219E+00	3.053750E+01
1.08320000000E+04	-2.233667E+00	-2.093237E+00	3.028750E+01
1.08330000000E+04	-2.239722E+00	-2.112036E+00	3.035000E+01
1.08340000000E+04	-2.255664E+00	-2.096533E+00	3.022500E+01
1.08350000000E+04	-2.253394E+00	-2.106970E+00	3.041250E+01
1.08360000000E+04	-2.232031E+00	-2.057855E+00	3.035000E+01
1.08370000000E+04	-2.215003E+00	-1.944067E+00	3.053750E+01
1.08380000000E+04	-2.270898E+00	-2.124475E+00	3.035000E+01
1.08390000000E+04	-2.233679E+00	-2.134680E+00	3.028750E+01
1.08400000000E+04	-2.217236E+00	-2.059131E+00	3.028750E+01
1.08410000000E+04	-2.238049E+00	-2.067157E+00	3.035000E+01
1.08420000000E+04	-2.196875E+00	-2.045117E+00	3.047500E+01
1.08430000000E+04	-2.235767E+00	-2.025848E+00	3.041250E+01
1.08440000000E+04	-2.204053E+00	-2.055969E+00	3.022500E+01
1.08450000000E+04	-2.216650E+00	-1.997784E+00	3.041250E+01
1.08460000000E+04	-2.239368E+00	-2.054407E+00	3.028750E+01
1.08470000000E+04	-2.252966E+00	-2.111035E+00	3.028750E+01
1.08480000000E+04	-2.245312E+00	-2.060742E+00	3.028750E+01
1.08490000000E+04	-2.187707E+00	-2.042731E+00	3.022500E+01
1.08500000000E+04	-2.238049E+00	-1.998956E+00	3.022500E+01
1.08510000000E+04	-2.253577E+00	-2.081152E+00	3.028750E+01
1.08520000000E+04	-2.271924E+00	-2.065198E+00	3.028750E+01
1.08530000000E+04	-2.233057E+00	-2.011822E+00	3.035000E+01
1.08540000000E+04	-2.231470E+00	-1.979419E+00	3.028750E+01
1.08550000000E+04	-2.240417E+00	-2.023114E+00	3.016250E+01
1.08560000000E+04	-2.261963E+00	-2.025702E+00	3.035000E+01
1.08570000000E+04	-2.204553E+00	-2.040613E+00	3.028750E+01
1.08580000000E+04	-2.273755E+00	-2.060889E+00	3.035000E+01
1.08590000000E+04	-2.273254E+00	-2.103821E+00	3.041250E+01
1.08600000000E+04	-2.239453E+00	-2.029095E+00	3.028750E+01
1.08610000000E+04	-2.234363E+00	-2.061157E+00	3.016250E+01
1.08620000000E+04	-2.248596E+00	-2.024365E+00	3.022500E+01
1.08630000000E+04	-2.254016E+00	-2.067395E+00	3.035000E+01
1.08640000000E+04	-2.266699E+00	-2.015796E+00	3.047500E+01
1.08650000000E+04	-2.255847E+00	-2.030536E+00	3.028750E+01
1.08660000000E+04	-2.261377E+00	-2.013824E+00	3.028750E+01
1.08670000000E+04	-2.258728E+00	-1.999030E+00	3.028750E+01
1.08680000000E+04	-2.237341E+00	-2.026526E+00	3.016250E+01
1.08690000000E+04	-2.248071E+00	-2.003803E+00	3.022500E+01
1.08700000000E+04	-2.248743E+00	-2.010687E+00	3.035000E+01
1.08710000000E+04	-2.236047E+00	-2.024652E+00	3.041250E+01
1.08720000000E+04	-2.241931E+00	-1.983929E+00	3.035000E+01
1.08730000000E+04	-2.252319E+00	-1.882227E+00	3.028750E+01
1.08740000000E+04	-2.266809E+00	-1.965192E+00	3.041250E+01
1.08750000000E+04	-2.238562E+00	-1.990106E+00	3.035000E+01
1.08760000000E+04	-2.258032E+00	-2.002576E+00	3.028750E+01
1.08770000000E+04	-2.244897E+00	-1.992786E+00	3.022500E+01
1.08780000000E+04	-2.246448E+00	-2.098828E+00	3.022500E+01
1.08790000000E+04	-2.244409E+00	-2.053357E+00	3.016250E+01
1.08800000000E+04	-2.259497E+00	-2.038574E+00	3.041250E+01
1.08810000000E+04	-2.216785E+00	-2.030420E+00	3.028750E+01
1.08820000000E+04	-2.222217E+00	-2.092810E+00	3.035000E+01
1.08830000000E+04	-2.187000E+00	-2.016559E+00	3.035000E+01
1.08840000000E+04	-2.230518E+00	-1.985809E+00	3.041250E+01
1.08850000000E+04	-2.257410E+00	-2.112732E+00	3.035000E+01
1.08860000000E+04	-2.228333E+00	-2.049457E+00	3.028750E+01
1.08870000000E+04	-2.240808E+00	-2.093860E+00	3.035000E+01
1.08880000000E+04	-2.251257E+00	-2.039667E+00	3.041250E+01
1.08890000000E+04	-2.259668E+00	-2.072333E+00	3.041250E+01
1.08900000000E+04	-2.243103E+00	-2.099414E+00	3.035000E+01
1.08910000000E+04	-2.229541E+00	-2.054938E+00	3.022500E+01
1.08920000000E+04	-2.186462E+00	-2.013074E+00	3.028750E+01
1.08930000000E+04	-2.194336E+00	-2.034168E+00	3.028750E+01
1.08940000000E+04	-2.183508E+00	-2.003503E+00	3.047500E+01
1.08950000000E+04	-2.157788E+00	-2.018548E+00	3.028750E+01
1.08960000000E+04	-2.202075E+00	-2.040991E+00	3.028750E+01
1.08970000000E+04	-2.169360E+00	-1.971655E+00	3.041250E+01
1.08980000000E+04	-2.157227E+00	-2.004102E+00	3.035000E+01
1.08990000000E+04	-2.178003E+00	-1.998260E+00	3.028750E+01
1.09000000000E+04	-2.213928E+00	-1.982623E+00	3.028750E+01
1.09010000000E+04	-2.205017E+00	-2.008331E+00	3.028750E+01
1.09020000000E+04	-2.223279E+00	-2.019531E+00	3.035000E+01
1.09030000000E+04	-2.235559E+00	-2.001373E+00	3.041250E+01
1.09040000000E+04	-2.233179E+00	-1.978449E+00	3.047500E+01
1.09050000000E+04	-2.239136E+00	-1.955450E+00	3.028750E+01
1.09060000000E+04	-2.239673E+00	-2.004163E+00	3.041250E+01
1.09070000000E+04	-2.239648E+00	-2.001148E+00	3.035000E+01
1.09080000000E+04	-2.225061E+00	-2.010431E+00	3.022500E+01
1.09090000000E+04	-2.247131E+00	-2.005829E+00	3.028750E+01
1.09100000000E+04	-2.265479E+00	-1.970392E+00	3.028750E+01
1.09110000000E+04	-2.264685E+00	-2.022144E+00	3.035000E+01
1.09120000000E+04	-2.258179E+00	-1.983026E+00	3.022500E+01
1.09130000000E+04	-2.262610E+00	-1.978290E+00	3.035000E+01
1.09140000000E+04	-2.273523E+00	-2.024146E+00	3.028750E+01
1.09150000000E+04	-2.203174E+00	-1.940765E+00	3.028750E+01
1.09160000000E+04	-2.245935E+00	-1.938153E+00	3.035000E+01
1.09170000000E+04	-2.245190E+00	-1.936761E+00	3.028750E+01
1.09180000000E+04	-2.215356E+00	-1.920117E+00	3.022500E+01
1.09190000000E+04	-2.218860E+00	-1.953760E+00	3.022500E+01
1.09200000000E+04	-2.165515E+00	-1.878918E+00	3.028750E+01
1.09210000000E+04	-2.219922E+00	-1.913202E+00	3.022500E+01
1.09220000000E+04	-2.182935E+00	-1.950195E+00	3.022500E+01
1.09230000000E+04	-2.248279E+00	-1.998395E+00	3.028750E+01
1.09240000000E+04	-2.230200E+00	-1.944379E+00	3.028750E+01
1.09250000000E+04	-2.192944E+00	-1.961609E+00	3.022500E+01
1.09260000000E+04	-2.207092E+00	-1.910791E+00	3.016250E+01
1.09270000000E+04	-2.174304E+00	-1.963879E+00	3.022500E+01
1.09280000000E+04	-2.205041E+00	-2.072180E+00	3.022500E+01
1.09290000000E+04	-2.177722E+00	-2.014691E+00	3.016250E+01
1.09300000000E+04	-2.182422E+00	-2.037573E+00	3.010000E+01
1.09310000000E+04	-2.220605E+00	-2.058704E+00	3.028750E+01
1.09320000000E+04	-2.224109E+00	-2.070288E+00	3.035000E+01
1.09330000000E+04	-2.204614E+00	-2.024921E+00	3.016250E+01
1.09340000000E+04	-2.171045E+00	-1.957379E+00	3.016250E+01
1.09350000000E+04	-2.208594E+00	-2.050171E+00	3.016250E+01
1.09360000000E+04	-2.239111E+00	-2.029517E+00	3.003750E+01
1.09370000000E+04	-2.220349E+00	-2.063965E+00	3.003750E+01
1.09380000000E+04	-2.209851E+00	-2.042505E+00	3.010000E+01
1.09390000000E+04	-2.249732E+00	-2.061682E+00	3.010000E+01
1.09400000000E+04	-2.238782E+00	-2.062768E+00	3.010000E+01
1.09410000000E+04	-2.216577E+00	-2.079407E+00	3.003750E+01
1.09420000000E+04	-2.179285E+00	-2.057996E+00	3.016250E+01
1.09430000000E+04	-2.217664E+00	-2.057214E+00	3.022500E+01
1.09440000000E+04	-2.191907E+00	-2.024377E+00	3.010000E+01
1.09450000000E+04	-2.230164E+00	-2.022296E+00	3.016250E+01
1.09460000000E+04	-2.155115E+00	-1.939777E+00	3.010000E+01
1.09470000000E+04	-2.175439E+00	-2.004242E+00	3.016250E+01
1.09480000000E+04	-2.215576E+00	-2.036841E+00	3.010000E+01
1.09490000000E+04	-2.184509E+00	-2.029285E+00	3.035000E+01
1.09500000000E+04	-2.229993E+00	-1.958728E+00	3.010000E+01
1.09510000000E+04	-2.257715E+00	-2.047424E+00	3.016250E+01
1.09520000000E+04	-2.242407E+00	-1.993127E+00	3.010000E+01
1.09530000000E+04	-2.193750E+00	-2.008246E+00	2.997500E+01
1.09540000000E+04	-2.183838E+00	-1.953119E+00	3.010000E+01
1.09550000000E+04	-2.235205E+00	-2.004834E+00	3.003750E+01
1.09560000000E+04	-2.205786E+00	-2.021124E+00	3.010000E+01
1.09570000000E+04	-2.216724E+00	-1.979517E+00	2.997500E+01
1.09580000000E+04	-2.255615E+00	-1.995142E+00	3.016250E+01
1.09590000000E+04	-2.217297E+00	-1.955261E+00	3.010000E+01
1.09600000000E+04	-2.248047E+00	-2.103369E+00	2.997500E+01
1.09610000000E+04	-2.252026E+00	-2.027820E+00	3.003750E+01
1.09620000000E+04	-2.217676E+00	-2.087964E+00	3.003750E+01
1.09630000000E+04	-2.191748E+00	-2.088306E+00	3.010000E+01
1.09640000000E+04	-2.169104E+00	-1.976007E+00	3.010000E+01
1.09650000000E+04	-2.187171E+00	-2.048151E+00	3.003750E+01
1.09660000000E+04	-2.181396E+00	-1.994086E+00	3.010000E+01
1.09670000000E+04	-2.208484E+00	-2.063147E+00	3.022500E+01
1.09680000000E+04	-2.171924E+00	-1.989380E+00	3.022500E+01
1.09690000000E+04	-2.172339E+00	-2.034729E+00	3.016250E+01
1.09700000000E+04	-2.141638E+00	-1.957965E+00	3.016250E+01
1.09710000000E+04	-2.197205E+00	-2.011194E+00	3.010000E+01
1.09720000000E+04	-2.190698E+00	-1.996423E+00	3.022500E+01
1.09730000000E+04	-2.207532E+00	-2.058636E+00	3.016250E+01
1.09740000000E+04	-2.169629E+00	-1.955481E+00	3.016250E+01
1.09750000000E+04	-2.161035E+00	-1.956470E+00	2.997500E+01
1.09760000000E+04	-2.200317E+00	-2.015064E+00	3.003750E+01
1.09770000000E+04	-2.220605E+00	-1.994727E+00	3.003750E+01
1.09780000000E+04	-2.213403E+00	-2.002087E+00	3.010000E+01
1.09790000000E+04	-2.206958E+00	-2.023840E+00	3.016250E+01
1.09800000000E+04	-2.204309E+00	-1.999341E+00	3.003750E+01
1.09810000000E+04	-2.185535E+00	-1.965210E+00	3.003750E+01
1.09820000000E+04	-2.211646E+00	-1.929388E+00	3.016250E+01
1.09830000000E+04	-2.226025E+00	-1.975317E+00	3.016250E+01
1.09840000000E+04	-2.197290E+00	-1.930573E+00	3.016250E+01
1.09850000000E+04	-2.230591E+00	-2.000305E+00	3.022500E+01
1.09860000000E+04	-2.236853E+00	-1.965332E+00	2.997500E+01
1.09870000000E+04	-2.178577E+00	-1.990729E+00	3.016250E+01
1.09880000000E+04	-2.186243E+00	-1.977356E+00	3.003750E+01
1.09890000000E+04	-2.201709E+00	-1.951703E+00	3.010000E+01
1.09900000000E+04	-2.184131E+00	-2.016052E+00	3.003750E+01
1.09910000000E+04	-2.193774E+00	-2.015015E+00	3.016250E+01
1.09920000000E+04	-2.186316E+00	-1.998871E+00	3.016250E+01
1.09930000000E+04	-2.200708E+00	-2.010016E+00	3.010000E+01
1.09940000000E+04	-2.227685E+00	-2.000433E+00	3.003750E+01
1.09950000000E+04	-2.169788E+00	-1.963696E+00	3.016250E+01
1.09960000000E+04	-2.203528E+00	-1.971869E+00	2.991250E+01
1.09970000000E+04	-2.212280E+00	-1.977985E+00	3.003750E+01
1.09980000000E+04	-2.226233E+00	-1.979010E+00	2.997500E+01
1.09990000000E+04	-2.218835E+00	-1.935822E+00	2.997500E+01
1.10000000000E+04	-2.177685E+00	-1.946552E+00	2.991250E+01
1.10010000000E+04	-2.198633E+00	-1.974597E+00	3.003750E+01
1.10020000000E+04	-2.196863E+00	-1.922156E+00	3.010000E+01
1.10030000000E+04	-2.176245E+00	-1.902130E+00	2.991250E+01
1.10040000000E+04	-2.230933E+00	-1.970752E+00	2.997500E+01
1.10050000000E+04	-2.226196E+00	-2.013605E+00	2.985000E+01
1.10060000000E+04	-2.238440E+00	-2.056873E+00	3.003750E+01
1.10070000000E+04	-2.191003E+00	-1.930444E+00	3.003750E+01
1.10080000000E+04	-2.198767E+00	-1.981421E+00	2.985000E+01
1.10090000000E+04	-2.204822E+00	-1.968250E+00	2.997500E+01
1.10100000000E+04	-2.215600E+00	-1.969550E+00	3.010000E+01
1.10110000000E+04	-2.215405E+00	-1.992871E+00	3.010000E+01
1.10120000000E+04	-2.201892E+00	-1.983429E+00	3.010000E+01
1.10130000000E+04	-2.229089E+00	-1.965912E+00	2.997500E+01
1.10140000000E+04	-2.190479E+00	-1.953082E+00	3.010000E+01
1.10150000000E+04	-2.230408E+00	-1.974933E+00	3.003750E+01
1.10160000000E+04	-2.256458E+00	-1.993323E+00	3.010000E+01
1.10170000000E+04	-2.178174E+00	-1.984155E+00	3.016250E+01
1.10180000000E+04	-2.230249E+00	-1.957697E+00	2.991250E+01
1.10190000000E+04	-2.212744E+00	-1.891803E+00	2.997500E+01
1.10200000000E+04	-2.204907E+00	-1.969086E+00	3.010000E+01
1.10210000000E+04	-2.176978E+00	-1.960425E+00	3.003750E+01
1.10220000000E+04	-2.191296E+00	-1.998877E+00	3.003750E+01
1.10230000000E+04	-2.185986E+00	-1.943750E+00	3.003750E+01
1.10240000000E+04	-2.215503E+00	-1.964233E+00	3.003750E+01
1.10250000000E+04	-2.157544E+00	-1.929401E+00	2.997500E+01
1.10260000000E+04	-2.192420E+00	-1.911578E+00	2.991250E+01
1.10270000000E+04	-2.178259E+00	-1.905829E+00	2.991250E+01
1.10280000000E+04	-2.199268E+00	-1.937140E+00	2.991250E+01
1.10290000000E+04	-2.213208E+00	-2.043860E+00	3.003750E+01
1.10300000000E+04	-2.206665E+00	-2.031671E+00	3.010000E+01
1.10310000000E+04	-2.163245E+00	-1.971796E+00	2.991250E+01
1.10320000000E+04	-2.221533E+00	-1.982037E+00	2.991250E+01
1.10330000000E+04	-2.212537E+00	-1.980249E+00	2.978750E+01
1.10340000000E+04	-2.232532E+00	-1.994153E+00	2.991250E+01
1.10350000000E+04	-2.218848E+00	-1.986694E+00	2.985000E+01
1.10360000000E+04	-2.200159E+00	-2.004187E+00	2.997500E+01
1.10370000000E+04	-2.232971E+00	-2.035510E+00	3.003750E+01
1.10380000000E+04	-2.212537E+00	-2.006268E+00	2.997500E+01
1.10390000000E+04	-2.215344E+00	-2.016242E+00	2.997500E+01
1.10400000000E+04	-2.233374E+00	-2.005872E+00	2.985000E+01
1.10410000000E+04	-2.240637E+00	-2.019769E+00	2.985000E+01
1.10420000000E+04	-2.177661E+00	-1.959247E+00	2.991250E+01
1.10430000000E+04	-2.208472E+00	-1.986706E+00	2.991250E+01
1.10440000000E+04	-2.217346E+00	-1.937958E+00	2.991250E+01
1.10450000000E+04	-2.225440E+00	-1.976794E+00	2.997500E+01
1.10460000000E+04	-2.212756E+00	-1.935187E+00	3.016250E+01
1.10470000000E+04	-2.215735E+00	-1.989227E+00	2.997500E+01
1.10480000000E+04	-2.241028E+00	-1.972638E+00	3.010000E+01
1.10490000000E+04	-2.192651E+00	-1.885931E+00	2.997500E+01
1.10500000000E+04	-2.196790E+00	-1.943390E+00	2.991250E+01
1.10510000000E+04	-2.233093E+00	-1.990698E+00	3.010000E+01
1.10520000000E+04	-2.225256E+00	-1.918372E+00	2.985000E+01
1.10530000000E+04	-2.206848E+00	-1.903424E+00	2.985000E+01
1.10540000000E+04	-2.175061E+00	-1.993018E+00	2.978750E+01
1.10550000000E+04	-2.192188E+00	-2.008313E+00	2.978750E+01
1.10560000000E+04	-2.210254E+00	-1.960803E+00	2.991250E+01
1.10570000000E+04	-2.208960E+00	-1.921484E+00	2.991250E+01
1.10580000000E+04	-2.208887E+00	-1.956152E+00	2.991250E+01
1.10590000000E+04	-2.235523E+00	-2.041345E+00	2.991250E+01
1.10600000000E+04	-2.203796E+00	-1.989850E+00	2.991250E+01
1.10610000000E+04	-2.209998E+00	-2.004614E+00	3.003750E+01
1.10620000000E+04	-2.177185E+00	-1.961932E+00	2.997500E+01
1.10630000000E+04	-2.243555E+00	-1.975391E+00	2.985000E+01
1.10640000000E+04	-2.206750E+00	-1.961548E+00	2.978750E+01
1.10650000000E+04	-2.154718E+00	-1.873895E+00	2.997500E+01
1.10660000000E+04	-2.224036E+00	-1.954193E+00	2.985000E+01
1.10670000000E+04	-2.213855E+00	-1.922443E+00	2.991250E+01
1.10680000000E+04	-2.230261E+00	-1.991455E+00	2.991250E+01
1.10690000000E+04	-2.236511E+00	-1.990839E+00	2.997500E+01
1.10700000000E+04	-2.193225E+00	-1.890649E+00	2.991250E+01
1.10710000000E+04	-2.221387E+00	-1.941809E+00	2.991250E+01
1.10720000000E+04	-2.244165E+00	-1.971680E+00	2.985000E+01
1.10730000000E+04	-2.267200E+00	-1.982220E+00	2.978750E+01
1.10740000000E+04	-2.226074E+00	-1.980646E+00	2.978750E+01
1.10750000000E+04	-2.205432E+00	-1.911517E+00	2.985000E+01
1.10760000000E+04	-2.213123E+00	-1.894598E+00	2.997500E+01
1.10770000000E+04	-2.199646E+00	-1.943976E+00	2.972500E+01
1.10780000000E+04	-2.242615E+00	-1.930872E+00	2.991250E+01
1.10790000000E+04	-2.204944E+00	-1.915979E+00	2.991250E+01
1.10800000000E+04	-2.200061E+00	-1.897424E+00	3.003750E+01
1.10810000000E+04	-2.195300E+00	-1.909662E+00	2.991250E+01
1.10820000000E+04	-2.254956E+00	-1.917737E+00	2.991250E+01
1.10830000000E+04	-2.224927E+00	-1.947003E+00	2.978750E+01
1.10840000000E+04	-2.238147E+00	-1.939252E+00	2.985000E+01
1.10850000000E+04	-2.231555E+00	-1.985480E+00	2.991250E+01
1.10860000000E+04	-2.218799E+00	-1.984113E+00	2.985000E+01
1.10870000000E+04	-2.176624E+00	-1.950391E+00	2.985000E+01
1.10880000000E+04	-2.210413E+00	-2.000928E+00	2.985000E+01
1.10890000000E+04	-2.216101E+00	-1.971179E+00	2.985000E+01
1.10900000000E+04	-2.222656E+00	-1.938263E+00	2.991250E+01
1.10910000000E+04	-2.196057E+00	-2.001990E+00	2.985000E+01
1.10920000000E+04	-2.203271E+00	-1.965063E+00	2.985000E+01
1.10930000000E+04	-2.158179E+00	-1.911597E+00	2.985000E+01
1.10940000000E+04	-2.243188E+00	-1.985120E+00	2.985000E+01
1.10950000000E+04	-2.198413E+00	-1.968329E+00	2.991250E+01
1.10960000000E+04	-2.219788E+00	-1.998993E+00	2.978750E+01
1.10970000000E+04	-2.179346E+00	-1.937292E+00	2.991250E+01
1.10980000000E+04	-2.206848E+00	-1.935272E+00	2.985000E+01
1.10990000000E+04	-2.217212E+00	-1.918121E+00	2.972500E+01
1.11000000000E+04	-2.222986E+00	-1.959418E+00	2.985000E+01
1.11010000000E+04	-2.234790E+00	-1.928778E+00	2.997500E+01
1.11020000000E+04	-2.259790E+00	-1.927576E+00	3.003750E+01
1.11030000000E+04	-2.231543E+00	-1.924670E+00	2.985000E+01
1.11040000000E+04	-2.236572E+00	-1.945166E+00	2.978750E+01
1.11050000000E+04	-2.224316E+00	-1.909930E+00	2.985000E+01
1.11060000000E+04	-2.212756E+00	-1.923810E+00	3.003750E+01
1.11070000000E+04	-2.227075E+00	-1.943433E+00	2.978750E+01
1.11080000000E+04	-2.207861E+00	-1.943524E+00	2.985000E+01
1.11090000000E+04	-2.195923E+00	-1.931067E+00	2.985000E+01
1.11100000000E+04	-2.121069E+00	-1.859375E+00	2.978750E+01
1.11110000000E+04	-2.200098E+00	-1.863214E+00	2.978750E+01
1.11120000000E+04	-2.210120E+00	-2.042114E+00	2.978750E+01
1.11130000000E+04	-2.193555E+00	-1.927570E+00	2.991250E+01
1.11140000000E+04	-2.195276E+00	-2.008099E+00	2.991250E+01
1.11150000000E+04	-2.163245E+00	-1.985065E+00	2.985000E+01
1.11160000000E+04	-2.218347E+00	-1.988837E+00	2.978750E+01
1.11170000000E+04	-2.232764E+00	-2.012933E+00	2.991250E+01
1.11180000000E+04	-2.207642E+00	-2.005353E+00	2.978750E+01
1.11190000000E+04	-2.221362E+00	-2.046466E+00	2.978750E+01
1.11200000000E+04	-2.208777E+00	-1.971283E+00	2.972500E+01
1.11210000000E+04	-2.204175E+00	-1.993054E+00	2.985000E+01
1.11220000000E+04	-2.232812E+00	-1.968549E+00	2.985000E+01
1.11230000000E+04	-2.196643E+00	-1.928748E+00	2.991250E+01
1.11240000000E+04	-2.237158E+00	-1.980627E+00	2.985000E+01
1.11250000000E+04	-2.226001E+00	-1.992804E+00	2.985000E+01
1.11260000000E+04	-2.192468E+00	-1.975812E+00	2.972500E+01
1.11270000000E+04	-2.223279E+00	-1.906805E+00	2.985000E+01
1.11280000000E+04	-2.179199E+00	-1.946454E+00	2.991250E+01
1.11290000000E+04	-2.196777E+00	-1.937573E+00	2.997500E+01
1.11300000000E+04	-2.230151E+00	-2.009656E+00	2.997500E+01
1.11310000000E+04	-2.220764E+00	-1.967621E+00	2.997500E+01
1.11320000000E+04	-2.230273E+00	-1.964410E+00	2.985000E+01
1.11330000000E+04	-2.184363E+00	-1.903943E+00	2.985000E+01
1.11340000000E+04	-2.189343E+00	-1.849481E+00	2.972500E+01
1.11350000000E+04	-2.192383E+00	-1.911102E+00	2.978750E+01
1.11360000000E+04	-2.168323E+00	-1.912830E+00	2.991250E+01
1.11370000000E+04	-2.185584E+00	-1.914917E+00	2.978750E+01
1.11380000000E+04	-2.144763E+00	-1.905524E+00	2.985000E+01
1.11390000000E+04	-2.183289E+00	-1.966241E+00	2.972500E+01
1.11400000000E+04	-2.204407E+00	-1.935706E+00	2.985000E+01
1.11410000000E+04	-2.223303E+00	-1.957788E+00	2.991250E+01
1.11420000000E+04	-2.206714E+00	-1.972498E+00	2.991250E+01
1.11430000000E+04	-2.166602E+00	-1.963031E+00	2.997500E+01
1.11440000000E+04	-2.231091E+00	-1.872955E+00	2.985000E+01
1.11450000000E+04	-2.198376E+00	-1.996686E+00	2.991250E+01
1.11460000000E+04	-2.226929E+00	-1.936591E+00	2.985000E+01
1.11470000000E+04	-2.162549E+00	-1.860681E+00	2.978750E+01
1.11480000000E+04	-2.156714E+00	-1.929657E+00	2.978750E+01
1.11490000000E+04	-2.158752E+00	-1.952399E+00	2.985000E+01
1.11500000000E+04	-2.173987E+00	-1.850629E+00	2.991250E+01
1.11510000000E+04	-2.162012E+00	-1.924646E+00	2.991250E+01
1.11520000000E+04	-2.158972E+00	-1.860071E+00	2.985000E+01
1.11530000000E+04	-2.207837E+00	-1.911676E+00	2.978750E+01
1.11540000000E+04	-2.170032E+00	-1.900226E+00	2.978750E+01
1.11550000000E+04	-2.184717E+00	-1.885107E+00	2.978750E+01
1.11560000000E+04	-2.176953E+00	-1.879407E+00	2.997500E+01
1.11570000000E+04	-2.189246E+00	-1.913080E+00	2.978750E+01
1.11580000000E+04	-2.181348E+00	-1.878583E+00	2.991250E+01
1.11590000000E+04	-2.207397E+00	-1.935053E+00	2.978750E+01
1.11600000000E+04	-2.172571E+00	-1.873016E+00	2.978750E+01
1.11610000000E+04	-2.175232E+00	-1.855035E+00	2.985000E+01
1.11620000000E+04	-2.170898E+00	-1.827808E+00	2.978750E+01
1.11630000000E+04	-2.194324E+00	-1.862103E+00	2.978750E+01
1.11640000000E+04	-2.209729E+00	-1.795068E+00	2.978750E+01
1.11650000000E+04	-2.205225E+00	-1.952344E+00	2.972500E+01
1.11660000000E+04	-2.190112E+00	-1.932056E+00	2.978750E+01
1.11670000000E+04	-2.152063E+00	-1.951550E+00	2.991250E+01
1.11680000000E+04	-2.173682E+00	-1.954218E+00	2.978750E+01
1.11690000000E+04	-2.155725E+00	-1.957165E+00	2.991250E+01
1.11700000000E+04	-2.197559E+00	-1.990375E+00	2.991250E+01
1.11710000000E+04	-2.141528E+00	-1.963348E+00	2.978750E+01
1.11720000000E+04	-2.178735E+00	-1.990442E+00	2.985000E+01
1.11730000000E+04	-2.175256E+00	-1.916455E+00	2.978750E+01
1.11740000000E+04	-2.165161E+00	-1.964172E+00	2.966250E+01
1.11750000000E+04	-2.198401E+00	-1.970612E+00	2.978750E+01
1.11760000000E+04	-2.150549E+00	-1.910809E+00	2.972500E+01
1.11770000000E+04	-2.216919E+00	-1.994031E+00	2.985000E+01
1.11780000000E+04	-2.183582E+00	-1.948883E+00	2.972500E+01
1.11790000000E+04	-2.178259E+00	-1.957312E+00	2.966250E+01
1.11800000000E+04	-2.187134E+00	-1.962787E+00	2.978750E+01
1.11810000000E+04	-2.160364E+00	-1.926666E+00	2.978750E+01
1.11820000000E+04	-2.200354E+00	-1.929211E+00	2.985000E+01
1.11830000000E+04	-2.135718E+00	-1.913068E+00	2.966250E+01
1.11840000000E+04	-2.103284E+00	-1.887726E+00	2.985000E+01
